1 72
1 165
1 517
1 875
2 1
2 3
2 5
2 539
2 551
2 554
2 571
2 626
2 642
2 673
2 678
2 684
2 698
2 700
3 1
3 5
3 571
3 626
3 678
4 590
5 2
6 2
7 743
8 5
8 682
9 5
9 580
9 636
9 642
10 5
10 611
10 620
11 5
11 616
11 660
11 661
11 665
11 677
12 5
12 535
12 538
12 539
12 541
12 553
12 555
12 557
12 559
12 566
12 571
12 575
12 580
12 584
12 587
12 601
12 606
12 609
12 619
12 620
12 625
12 626
12 630
12 634
12 653
12 654
12 656
12 660
12 675
12 677
12 680
12 685
12 698
12 700
13 5
13 579
13 585
13 600
14 5
14 554
14 642
15 5
15 548
15 553
15 601
16 5
16 590
16 626
16 678
17 5
17 699
18 5
18 698
19 5
19 554
19 574
20 40
20 276
20 455
20 519
20 794
20 963
20 990
21 773
22 823
23 11
23 72
23 210
23 495
23 519
23 702
23 720
23 963
24 11
25 13
25 15
25 40
25 52
25 78
25 83
25 91
25 121
25 124
25 154
25 165
25 170
25 173
25 210
25 242
25 255
25 291
25 302
25 455
25 519
25 707
25 714
25 731
25 773
25 810
25 823
25 834
25 859
25 932
25 935
25 957
26 13
26 15
26 40
26 78
26 121
26 140
26 242
26 249
26 255
26 274
26 276
26 291
26 305
26 306
26 314
26 376
26 455
26 470
26 511
26 517
26 519
26 714
26 740
26 760
26 762
26 790
26 794
26 811
26 823
26 875
26 881
26 905
26 963
27 14
28 240
29 15
29 40
29 68
29 121
29 242
29 249
29 275
29 276
29 291
29 305
29 306
29 376
29 452
29 455
29 470
29 511
29 517
29 519
29 731
29 773
29 794
29 811
29 823
29 866
29 881
29 963
29 982
30 15
30 72
30 154
30 291
30 310
30 466
30 519
30 528
30 796
30 958
31 15
31 72
31 208
31 242
31 336
31 455
31 519
31 796
31 810
31 823
31 890
31 963
32 15
32 72
32 174
32 310
32 708
32 794
32 810
32 811
32 823
32 847
32 884
32 953
32 963
33 15
33 72
33 154
33 208
33 210
33 228
33 242
33 275
33 306
33 319
33 404
33 455
33 470
33 481
33 517
33 519
33 707
33 731
33 760
33 773
33 796
33 797
33 801
33 820
33 823
33 834
33 859
33 866
33 905
34 15
34 72
34 154
34 195
34 276
34 311
34 517
34 617
34 676
34 727
34 905
34 959
35 15
35 195
35 712
35 810
35 823
36 15
36 78
36 249
36 276
36 306
36 455
36 470
36 511
36 790
36 794
36 797
36 811
36 823
36 881
36 935
36 963
37 15
37 40
37 78
37 242
37 276
37 455
37 731
37 794
37 811
37 823
37 840
37 963
38 314
38 452
38 470
38 773
39 15
40 15
40 40
40 170
40 276
40 314
40 319
40 455
40 511
40 794
40 881
40 990
41 412
42 15
42 40
42 242
42 255
42 276
42 511
42 794
42 811
43 15
43 255
43 276
43 794
43 823
44 15
44 242
44 455
44 794
44 811
45 15
45 276
45 455
45 794
46 15
46 276
46 794
47 15
47 276
47 404
47 794
47 811
48 15
48 811
49 18
49 118
50 40
50 47
50 72
50 74
50 83
50 104
50 126
50 155
50 156
50 175
50 195
50 197
50 210
50 249
50 255
50 267
50 280
50 310
50 311
50 314
50 331
50 431
50 453
50 462
50 538
50 574
50 691
50 707
50 773
50 801
50 810
50 813
50 836
50 856
50 886
50 922
50 932
50 953
50 990
50 998
51 700
52 610
53 26
54 26
55 28
55 49
56 28
57 28
57 49
57 210
57 276
57 905
58 28
58 157
59 33
60 33
61 33
62 33
63 33
64 33
65 33
66 34
66 276
67 34
68 34
69 34
70 34
71 34
72 34
73 34
74 34
75 34
75 832
76 34
77 34
78 34
79 34
80 40
80 41
80 72
80 170
80 204
80 242
80 255
80 530
80 773
80 963
81 40
81 72
81 121
81 154
81 170
81 242
81 275
81 306
81 311
81 349
81 511
81 517
81 530
81 617
81 730
81 773
81 797
81 847
81 866
81 910
81 931
81 935
81 963
82 40
82 52
82 170
82 197
82 276
82 511
82 519
82 740
82 790
83 287
84 40
84 155
84 204
84 242
84 530
84 707
84 773
85 40
85 155
85 242
86 40
86 78
86 249
86 255
86 276
86 306
86 314
86 455
86 470
86 511
86 519
86 722
86 762
86 794
86 811
86 823
86 840
86 866
87 40
87 242
87 390
88 40
88 204
88 242
89 40
90 40
91 116
92 823
92 963
92 990
93 40
94 40
95 40
95 104
95 195
95 210
95 311
95 453
95 773
95 927
96 43
96 168
96 242
97 43
97 210
97 291
97 314
97 318
97 511
97 519
97 530
97 773
97 810
97 875
98 43
98 276
99 43
100 43
101 832
102 43
103 44
104 44
105 52
106 52
107 52
108 52
108 210
109 52
110 52
111 197
112 52
112 832
113 56
114 58
115 58
116 59
117 59
118 59
119 60
119 279
119 494
119 832
120 60
121 61
121 78
122 61
123 63
124 63
125 63
125 154
126 63
127 63
128 63
129 64
130 64
131 789
132 72
132 83
132 154
132 155
132 204
132 242
132 311
132 453
132 517
132 519
132 617
132 691
132 847
132 859
132 931
132 998
133 72
133 154
133 210
133 357
133 442
133 462
133 466
133 517
133 810
133 920
133 963
133 990
134 72
134 95
134 121
134 154
134 188
134 197
134 222
134 275
134 276
134 412
134 517
134 519
134 773
135 168
136 72
136 276
136 455
136 790
136 810
136 822
136 823
137 72
137 154
137 210
137 276
137 702
138 72
139 72
139 859
140 155
141 72
141 276
141 519
141 710
142 72
142 170
142 210
142 556
142 990
143 72
143 519
143 796
144 72
144 210
144 517
144 519
144 702
144 790
144 810
144 932
145 72
145 210
145 873
145 875
145 963
146 72
147 72
147 154
147 517
147 519
147 773
148 72
148 810
149 72
149 154
149 276
149 306
149 519
149 773
149 834
149 859
149 895
149 907
150 72
150 314
150 354
150 404
150 517
150 519
150 760
150 773
150 823
150 866
151 72
151 154
151 517
151 773
152 72
152 154
152 311
152 349
152 517
152 617
152 773
152 958
152 959
153 72
154 72
155 72
155 242
155 255
155 276
155 291
155 306
155 314
155 404
155 455
155 470
155 512
155 517
155 528
155 707
155 730
155 731
155 760
155 773
155 796
155 798
155 811
155 823
155 866
155 881
155 890
155 910
155 982
156 97
157 72
157 276
157 455
157 773
157 811
157 823
158 72
158 154
158 156
158 351
158 823
158 887
158 935
158 963
159 72
160 72
160 210
160 242
160 741
161 72
162 72
162 242
162 306
162 311
162 530
162 617
162 773
162 847
162 931
163 72
164 72
164 811
165 73
165 242
165 279
165 305
165 531
165 533
165 722
165 806
165 890
166 73
166 525
166 533
167 73
167 156
167 203
167 533
167 722
167 808
168 73
168 531
168 533
169 78
169 83
169 214
169 840
169 850
170 78
170 367
170 850
170 873
170 927
170 957
171 78
171 470
171 823
172 78
173 78
174 78
175 83
175 730
176 83
176 730
177 83
177 210
177 797
178 90
179 94
180 94
181 97
182 97
183 97
184 104
185 104
185 556
185 797
186 104
186 430
187 105
188 114
188 142
188 485
188 840
188 935
189 114
189 230
189 347
189 732
189 797
189 840
189 905
190 115
191 115
192 156
192 242
192 470
192 811
192 823
193 117
193 234
193 297
193 845
193 875
194 168
195 154
195 267
195 311
195 572
195 727
195 959
196 154
196 528
196 543
197 311
197 617
198 121
198 249
199 121
199 704
200 121
201 121
202 276
203 959
204 676
205 895
206 121
207 124
208 124
208 276
208 279
208 291
208 314
208 340
208 455
208 470
208 519
208 530
208 773
208 810
208 881
209 124
209 528
210 124
211 124
212 135
213 242
214 140
215 242
215 390
215 511
215 722
215 832
216 210
216 810
217 154
217 311
217 349
217 412
217 543
217 559
218 154
218 517
218 676
218 959
219 154
219 311
220 154
221 154
222 154
223 154
224 154
225 154
226 154
227 154
228 154
229 154
230 154
231 154
232 154
233 154
234 154
234 267
235 412
236 156
236 376
236 797
236 963
237 155
238 155
239 156
239 242
239 305
239 511
239 531
240 156
240 276
240 470
240 797
241 156
241 276
241 455
241 731
241 811
242 242
242 276
243 157
243 727
244 157
245 159
245 242
246 159
247 170
248 314
249 796
250 242
251 165
252 165
253 165
254 165
255 165
255 305
255 367
255 727
255 797
255 832
255 845
255 957
256 165
256 727
256 875
257 165
258 165
259 276
260 168
261 168
262 168
263 168
264 349
265 168
266 168
267 168
267 832
268 168
268 832
269 168
269 832
270 168
270 209
271 168
272 168
273 168
273 209
274 168
275 170
276 170
277 276
278 170
279 170
279 727
280 170
281 170
282 170
283 170
284 170
285 170
286 170
287 170
287 195
288 170
289 170
290 170
291 173
292 179
293 180
293 720
294 180
295 242
296 183
297 187
298 187
298 242
298 367
299 195
300 195
301 195
302 195
303 195
303 539
304 195
304 617
305 197
305 276
305 519
306 197
307 197
308 197
309 197
310 197
311 197
311 720
312 197
313 197
314 197
315 210
316 197
317 197
318 197
319 197
320 197
321 197
322 197
322 210
322 811
322 922
323 276
323 314
323 730
323 823
324 585
325 336
325 556
326 204
326 242
326 470
326 811
327 530
328 202
329 202
330 204
331 204
331 708
332 204
333 204
333 859
334 204
335 207
335 314
335 384
335 404
335 495
335 530
335 538
335 707
335 717
335 811
335 862
335 890
336 209
337 209
338 209
339 209
340 209
341 209
342 209
343 209
344 209
345 209
346 209
346 832
347 209
347 832
348 209
349 209
350 210
350 276
350 314
350 727
350 866
351 210
351 276
351 543
352 210
353 210
354 210
355 210
356 210
357 210
357 276
358 210
359 210
360 210
361 210
361 276
361 866
362 210
362 701
362 712
363 210
364 210
364 543
365 210
365 543
366 210
367 210
368 210
369 210
370 210
371 210
371 773
372 210
373 210
374 210
374 890
375 210
376 210
377 349
378 223
378 412
379 223
379 412
380 228
380 242
380 511
381 230
382 276
383 242
384 242
384 367
384 390
385 242
385 367
385 390
386 242
386 367
386 390
387 242
387 276
387 367
387 390
388 242
388 367
389 242
389 367
389 390
390 242
391 242
391 390
392 242
392 511
393 242
393 511
394 242
394 276
394 511
395 790
396 242
397 242
398 242
399 242
400 242
401 242
402 242
402 276
403 242
403 276
404 242
405 811
406 242
407 242
407 276
408 875
409 242
409 276
410 242
411 242
412 242
413 242
414 242
415 242
416 242
417 249
417 455
417 511
417 794
417 810
418 255
418 276
418 519
419 707
419 773
420 823
421 267
422 267
423 276
424 276
424 311
425 276
425 306
425 349
425 426
425 492
425 517
425 895
426 276
426 823
427 367
428 314
429 276
429 314
429 790
429 794
429 811
429 823
430 426
431 276
431 455
432 276
432 455
433 276
433 455
434 276
434 455
434 811
435 276
435 455
436 276
436 455
436 823
437 276
437 455
438 276
438 455
439 276
439 455
440 276
440 455
440 773
440 811
441 276
441 512
441 517
441 519
442 276
442 470
443 276
443 470
444 276
444 470
444 823
445 276
445 519
446 276
447 276
448 276
449 276
450 276
451 276
452 276
453 276
454 276
455 276
455 951
456 276
457 276
458 773
458 823
459 276
460 276
461 276
462 276
463 276
464 276
465 276
465 773
465 811
465 859
466 810
466 823
467 276
468 276
469 276
469 773
469 797
469 810
469 823
469 847
469 859
470 276
471 276
472 276
473 276
473 730
473 810
473 823
474 276
475 276
476 276
477 276
477 811
478 276
479 276
480 276
480 990
481 823
482 276
483 276
484 276
485 276
486 276
487 276
488 276
489 276
490 276
491 276
491 720
492 276
493 276
494 276
495 276
495 676
496 276
497 276
498 276
499 276
499 895
500 276
501 276
502 276
502 793
503 276
503 793
504 276
504 793
505 276
506 276
507 276
508 276
508 773
509 276
510 276
511 276
512 276
513 276
514 276
515 773
516 276
517 276
518 276
519 276
520 276
521 276
522 276
523 276
524 276
525 276
526 276
527 276
528 285
529 286
530 291
530 881
531 291
531 730
531 811
531 823
532 291
533 297
534 881
535 314
535 773
535 801
535 859
535 963
536 311
536 543
537 311
538 311
538 617
539 311
540 311
541 311
542 311
543 311
544 311
545 311
545 617
546 311
547 311
548 311
549 311
550 311
550 617
550 805
551 311
551 617
552 311
553 311
553 617
554 311
554 617
555 311
556 311
557 311
558 311
558 675
559 311
560 311
560 543
560 617
561 311
561 617
562 311
562 617
563 311
563 617
564 311
564 617
565 311
565 617
565 676
566 311
567 311
568 311
568 675
569 311
570 311
571 311
571 617
572 311
572 617
573 311
574 311
575 311
575 617
576 311
577 311
578 311
579 311
579 617
580 311
581 311
581 617
582 311
583 311
583 617
584 311
585 311
586 311
587 311
588 311
589 311
589 617
590 311
590 617
591 311
591 617
592 311
593 311
593 617
594 311
595 311
595 617
596 314
596 773
597 314
597 455
597 773
597 840
598 314
598 859
599 314
599 455
600 314
601 314
601 317
602 319
602 455
603 320
604 336
604 556
605 340
606 340
607 340
608 349
609 349
610 349
610 470
610 727
611 349
612 349
613 349
614 349
615 349
615 727
616 349
617 349
618 349
619 349
620 349
621 349
622 349
623 349
623 756
624 349
624 384
624 442
625 367
625 512
626 367
626 859
627 367
628 367
629 367
630 367
631 790
632 384
632 875
633 386
634 391
635 391
636 403
636 455
637 403
638 403
639 409
640 603
641 412
642 455
643 426
644 794
644 823
645 455
645 530
646 455
647 455
648 455
648 811
649 455
650 455
651 455
652 455
653 455
654 455
655 455
656 455
657 455
658 455
659 455
660 455
660 730
661 455
662 455
663 455
664 455
665 455
666 455
667 455
668 455
669 455
670 455
671 455
672 455
673 455
674 455
675 455
676 455
677 455
678 455
679 455
680 455
681 455
682 455
682 773
682 794
682 823
683 455
684 455
684 811
685 455
686 455
687 455
687 811
688 455
689 455
690 455
691 455
692 470
693 470
694 489
695 511
696 511
697 976
698 512
699 512
700 519
701 519
702 519
702 773
703 528
704 528
704 530
705 528
705 530
706 528
707 528
707 538
708 543
709 528
710 528
711 528
712 528
713 528
714 528
715 528
716 528
717 528
718 528
719 528
720 528
721 528
722 528
722 773
722 794
723 528
724 528
725 528
726 528
726 808
727 528
728 528
729 528
730 528
731 528
732 530
733 530
734 530
735 530
736 531
737 537
737 540
738 538
739 540
739 548
739 553
739 576
739 584
739 606
739 618
739 621
739 624
739 635
739 640
739 642
739 664
740 540
741 540
742 543
743 543
743 646
744 543
745 543
746 543
747 543
748 543
749 543
750 543
751 543
752 543
753 543
754 543
755 700
756 559
757 559
758 559
759 559
760 567
761 572
762 572
763 572
764 574
764 649
765 574
766 575
766 584
766 635
767 575
767 584
767 635
768 575
768 606
768 620
768 635
768 640
768 654
768 664
769 575
769 606
769 635
769 654
770 575
770 635
770 654
771 575
771 635
772 575
772 635
772 654
773 575
773 635
774 575
774 606
774 635
774 664
775 575
776 576
777 577
778 579
779 584
779 635
780 584
781 584
782 584
783 584
784 584
784 672
785 584
786 585
787 596
788 600
789 603
790 603
791 603
792 603
793 611
794 616
794 665
795 617
796 617
797 617
798 617
799 617
800 617
801 617
802 617
803 617
804 617
805 617
806 617
807 617
808 617
809 617
810 617
811 617
812 617
813 617
814 617
815 617
816 617
817 618
818 618
819 620
819 640
820 622
821 622
822 626
823 634
823 635
824 635
825 635
825 654
826 635
827 635
828 635
828 654
829 635
829 654
830 635
830 654
831 635
832 635
833 635
834 635
835 635
836 635
837 635
838 635
839 635
840 635
840 655
841 635
842 635
843 635
844 635
845 635
846 640
847 640
848 642
848 643
848 676
849 642
850 642
851 642
852 642
853 642
854 642
855 642
856 643
857 651
858 654
859 654
860 655
861 667
862 672
863 675
863 676
864 675
864 676
865 675
865 676
866 675
867 675
868 675
869 675
870 675
871 675
872 675
873 675
874 675
875 675
876 675
877 675
878 676
879 676
880 676
880 959
881 676
882 676
883 676
884 676
885 676
886 676
887 676
888 676
889 676
890 676
891 680
892 691
893 691
894 691
895 701
896 702
897 702
898 740
899 773
900 707
901 720
902 720
903 720
904 720
905 727
906 727
907 727
908 727
909 727
910 727
911 727
912 730
913 730
914 730
915 730
915 794
915 823
916 730
917 730
917 794
917 811
917 823
917 885
918 730
919 730
920 730
921 730
921 847
922 730
923 730
924 730
925 740
926 773
927 741
928 743
929 743
930 745
931 745
932 750
933 773
933 801
934 773
935 773
936 773
937 773
938 773
939 773
940 773
941 773
941 823
942 773
943 773
944 773
945 773
946 773
947 773
948 773
949 773
950 773
951 773
952 773
953 774
954 774
955 790
956 790
957 790
958 793
959 793
960 793
961 794
962 796
963 797
964 797
965 797
965 840
966 798
967 807
968 810
969 810
970 810
971 811
972 811
973 811
974 811
975 811
976 811
976 932
976 957
977 811
978 811
979 811
980 811
981 813
981 822
982 822
983 823
984 823
985 823
986 823
987 823
988 823
989 823
990 823
991 823
992 823
993 823
994 832
995 832
996 832
997 832
998 832
999 836
1000 840
1001 840
1002 844
1003 847
1004 859
1005 859
1006 875
1007 875
1008 884
1009 884
1010 885
1011 886
1012 886
1013 895
1014 907
1015 913
1016 920
1017 927
1018 927
1019 927
1020 928
1021 928
1022 928
1023 928
1024 928
1025 928
1026 928
1027 928
1028 928
1029 928
1030 928
1031 928
1032 928
1033 928
1034 928
1035 928
1036 928
1037 928
1038 931
1039 932
1040 932
1041 940
1042 941
1043 941
1044 943
1045 952
1046 958
1047 959
1048 959
1049 959
1050 959
1051 959
1052 959
1053 959
1054 959
1055 959
1056 959
1057 959
1058 959
1059 959
1060 959
1061 959
1062 987
1063 998
1064 998
1065 998
1066 998
1067 998
1068 998
1069 998
1070 999
1071 999
1072 999
1073 1000
1074 1000
