1 2 1
1 3 0
1 4 2
2 4 25
1 5 0
1 6 0
1 7 0
1 8 0
1 9 0
1 10 0
1 11 1
4 11 9
1 12 0
1 13 0
1 14 0
1 15 0
1 16 0
1 17 0
1 18 0
1 19 0
1 20 0
1 21 0
1 22 0
18 23 2
18 24 0
18 25 1
18 26 3
18 27 1
18 28 6
26 28 4
18 29 0
18 30 0
18 31 0
18 32 7
18 33 0
18 34 8
18 35 3
18 36 0
18 37 16
18 38 0
18 39 2
2 40 6
18 40 7
18 41 3
18 42 3
28 42 2
18 43 6
34 43 2
18 44 3
4 45 51
18 45 28
32 45 11
34 45 6
37 45 36
18 46 0
4 47 22
15 47 3
18 47 9
18 48 3
18 49 4
26 49 4
28 49 6
18 50 0
18 51 0
18 52 6
18 53 0
18 54 0
18 55 4
37 55 7
18 56 0
18 57 2
45 57 3
18 58 4
18 59 9
22 59 11
34 59 7
37 59 17
18 60 3
18 61 12
22 61 14
45 61 20
18 62 0
4 63 11
11 63 2
18 63 5
47 63 8
18 64 0
18 65 0
18 66 0
18 67 2
4 68 8
18 68 6
18 69 0
18 70 4
18 71 1
13 72 10
18 72 4
47 72 7
18 73 4
18 74 1
22 74 1
18 75 0
18 76 2
4 77 1
18 77 2
4 78 38
15 78 10
18 78 20
22 78 27
28 78 4
52 78 20
61 78 25
73 78 5
18 79 0
18 80 0
18 81 1
18 82 0
18 83 15
22 83 28
61 83 21
68 83 3
70 83 9
78 83 50
18 84 1
34 84 1
18 85 2
45 85 2
18 86 0
18 87 0
18 88 0
18 89 0
18 90 1
4 91 44
18 91 27
32 91 9
35 91 5
39 91 3
45 91 61
58 91 5
70 91 8
78 91 38
18 92 0
18 93 0
18 94 11
43 94 4
45 94 19
91 94 24
18 95 1
18 96 1
18 97 1
18 98 0
18 99 1
4 100 5
18 100 4
45 100 9
91 100 7
18 101 3
26 101 4
28 101 5
49 101 5
18 102 0
18 103 0
4 104 37
18 104 24
37 104 36
45 104 83
52 104 17
59 104 12
67 104 2
78 104 33
91 104 44
94 104 13
18 105 1
2 106 24
4 106 69
13 106 26
15 106 13
18 106 48
23 106 3
32 106 13
35 106 8
37 106 42
39 106 4
42 106 11
45 106 173
47 106 23
48 106 4
52 106 36
55 106 13
57 106 3
58 106 7
59 106 28
61 106 27
63 106 16
71 106 2
73 106 10
76 106 7
78 106 59
85 106 5
91 106 76
94 106 36
96 106 2
99 106 2
104 106 91
2 107 2
18 107 3
94 107 2
106 107 13
18 108 1
22 108 1
18 109 0
18 110 0
18 111 0
18 112 0
18 113 0
4 114 35
18 114 16
37 114 23
45 114 38
47 114 14
61 114 18
72 114 16
78 114 32
83 114 33
104 114 29
106 114 51
4 115 2
13 115 1
18 115 3
18 116 0
4 117 15
13 117 5
18 117 10
37 117 9
61 117 9
114 117 18
115 117 5
18 118 0
18 119 2
106 119 3
18 120 0
4 121 7
18 121 4
22 121 2
18 122 0
18 123 0
18 124 8
34 124 7
78 124 21
91 124 20
106 124 44
114 124 10
18 125 1
106 125 3
2 126 3
18 126 3
91 126 6
18 127 0
18 128 0
18 129 2
106 129 2
18 130 7
22 130 4
91 130 7
94 130 5
104 130 7
18 131 1
22 131 2
18 132 0
18 133 1
2 134 7
18 134 7
34 134 3
47 134 7
94 134 4
106 134 20
18 135 3
104 135 2
45 136 0
45 137 0
45 138 0
45 139 3
106 139 3
4 140 16
45 140 10
72 140 6
114 140 12
45 141 13
91 141 11
106 141 17
114 141 14
117 141 6
4 142 23
22 142 10
37 142 12
45 142 25
78 142 21
91 142 21
104 142 19
106 142 29
45 143 2
78 143 6
83 143 5
117 143 2
45 144 0
45 145 0
45 146 10
91 146 9
104 146 6
106 146 9
45 147 2
45 148 1
45 149 0
45 150 3
37 151 4
45 151 7
104 151 5
106 151 7
45 152 1
45 153 4
104 153 4
106 153 6
4 154 25
22 154 7
28 154 2
37 154 13
40 154 2
45 154 13
104 154 12
114 154 17
34 155 1
45 155 4
22 156 15
37 156 24
45 156 24
72 156 14
106 156 46
124 156 17
45 157 1
45 158 1
106 158 1
45 159 14
60 159 5
114 159 10
45 160 0
45 161 6
104 161 3
106 161 9
159 161 1
45 162 0
45 163 0
45 164 1
4 165 29
11 165 6
45 165 19
47 165 11
63 165 9
106 165 28
114 165 19
45 166 0
45 167 0
45 168 10
104 168 5
106 168 13
124 168 4
45 169 0
40 170 1
45 170 7
104 170 7
45 171 0
45 172 0
45 173 1
45 174 5
142 174 4
45 175 11
106 175 8
45 176 0
45 177 0
45 178 1
18 179 7
45 179 11
104 179 8
106 179 16
45 180 10
104 180 8
106 180 12
45 181 3
106 181 5
45 182 0
4 183 6
45 183 7
45 184 2
104 184 5
106 184 5
45 185 0
45 186 0
45 187 7
106 187 8
45 188 6
106 188 9
114 188 7
45 189 0
45 190 0
45 191 0
45 192 1
45 193 7
94 193 5
106 193 8
45 194 0
4 195 32
22 195 11
43 195 4
45 195 31
47 195 12
72 195 12
91 195 28
104 195 24
106 195 41
114 195 22
124 195 15
170 195 6
183 195 6
45 196 0
11 197 4
45 197 33
72 197 13
74 197 1
91 197 34
104 197 26
106 197 47
114 197 28
180 197 6
195 197 20
45 198 0
45 199 1
45 200 0
45 201 3
104 201 4
37 202 8
45 202 8
72 202 3
104 202 8
106 202 12
124 202 5
45 203 10
106 203 12
117 203 2
4 204 20
40 204 4
45 204 12
104 204 12
106 204 24
134 204 10
155 204 3
45 205 1
45 206 0
22 207 8
35 207 5
43 207 2
45 207 17
106 207 25
124 207 7
142 207 11
159 207 7
179 207 10
22 208 7
45 208 10
106 208 23
117 208 5
37 209 5
45 209 7
104 209 6
106 209 10
195 209 7
4 210 66
18 210 34
22 210 29
40 210 10
43 210 5
44 210 5
45 210 59
49 210 1
52 210 34
59 210 27
60 210 12
63 210 10
70 210 12
77 210 3
78 210 51
83 210 71
91 210 63
100 210 6
104 210 51
106 210 102
115 210 3
117 210 21
124 210 27
129 210 2
130 210 9
134 210 12
156 210 47
159 210 17
165 210 27
175 210 10
180 210 9
183 210 6
201 210 5
202 210 9
204 210 27
45 211 0
45 212 2
4 213 12
45 213 21
91 213 15
94 213 8
104 213 14
106 213 24
210 213 16
45 214 11
45 215 0
45 216 3
45 217 6
91 217 10
106 217 12
213 217 5
45 218 0
45 219 1
22 220 6
37 220 11
45 220 16
91 220 16
94 220 7
104 220 12
106 220 20
45 221 2
45 222 6
106 222 12
207 222 7
45 223 1
78 223 1
45 224 2
106 224 2
130 224 0
4 225 15
45 225 9
63 225 5
104 225 6
106 225 15
117 225 3
165 225 6
45 226 4
45 227 1
104 227 1
45 228 10
106 228 15
210 228 14
35 229 0
45 229 3
100 229 1
22 230 3
45 230 8
104 230 7
106 230 14
45 231 2
106 231 3
45 232 0
45 233 2
45 234 22
72 234 12
83 234 16
91 234 22
106 234 26
117 234 6
197 234 16
228 234 10
45 235 3
45 236 0
45 237 0
45 238 0
45 239 2
45 240 5
104 240 4
106 240 7
45 241 0
2 242 6
18 242 11
37 242 11
45 242 16
91 242 15
104 242 15
106 242 19
117 242 5
159 242 7
195 242 10
204 242 7
45 243 0
45 244 2
106 244 3
45 245 5
106 245 5
45 246 0
2 247 2
4 247 7
45 247 5
114 247 7
140 247 4
154 247 4
45 248 5
52 248 7
106 248 11
4 249 50
13 249 17
32 249 12
41 249 6
45 249 68
61 249 19
72 249 24
78 249 37
91 249 49
106 249 78
121 249 5
124 249 22
142 249 20
150 249 5
151 249 3
159 249 15
180 249 8
183 249 6
193 249 6
195 249 26
210 249 59
216 249 5
220 249 14
228 249 12
234 249 26
235 249 2
242 249 14
45 250 0
45 251 0
45 252 0
45 253 1
249 253 1
45 254 0
45 255 6
106 255 14
43 256 0
45 256 0
124 256 0
45 257 6
45 258 0
45 259 3
74 259 0
129 259 0
45 260 16
91 260 16
104 260 7
175 260 4
207 260 9
214 260 5
233 260 2
234 260 10
249 260 12
45 261 0
45 262 2
45 263 0
45 264 0
45 265 1
117 265 0
45 266 2
197 266 5
45 267 13
78 267 13
104 267 13
106 267 25
124 267 14
197 267 12
249 267 17
45 268 0
4 269 25
22 269 7
37 269 18
45 269 32
104 269 23
106 269 37
170 269 5
180 269 5
195 269 19
208 269 11
228 269 9
245 269 5
45 270 0
18 271 8
45 271 13
78 271 10
83 271 12
91 271 16
106 271 21
195 271 9
202 271 5
45 272 9
106 272 11
205 272 1
210 272 9
229 272 1
45 273 4
106 273 6
45 274 3
106 274 4
117 274 1
45 275 9
91 275 14
106 275 11
114 275 8
2 276 8
4 276 18
22 276 11
37 276 13
43 276 4
45 276 25
59 276 12
94 276 11
106 276 29
114 276 13
124 276 9
148 276 1
154 276 8
195 276 20
197 276 13
208 276 7
210 276 20
242 276 8
262 276 2
45 277 3
106 277 3
249 277 3
45 278 9
106 278 10
197 278 5
249 278 5
271 278 5
45 279 5
106 279 11
159 279 4
45 280 5
106 280 9
195 280 5
249 280 6
45 281 0
45 282 1
45 283 3
106 283 2
45 284 8
104 284 4
106 284 11
45 285 0
45 286 2
91 286 2
220 286 2
45 287 1
45 288 2
91 288 4
43 289 1
45 289 6
106 289 6
124 289 4
213 289 3
45 290 0
2 291 12
4 291 31
41 291 5
45 291 23
61 291 16
78 291 27
83 291 25
114 291 26
154 291 13
159 291 12
210 291 34
214 291 6
234 291 13
249 291 31
45 292 1
106 292 1
45 293 6
104 293 3
106 293 12
45 294 0
45 295 0
45 296 5
106 296 7
124 296 3
134 296 3
4 297 26
14 297 3
45 297 25
81 297 1
90 297 1
91 297 24
104 297 18
106 297 35
114 297 25
117 297 12
165 297 15
188 297 8
195 297 20
210 297 35
234 297 20
249 297 23
269 297 18
45 298 3
106 298 7
45 299 3
45 300 1
45 301 1
45 302 10
78 302 11
106 302 23
124 302 11
134 302 6
204 302 11
249 302 15
45 303 0
4 304 2
45 304 1
45 305 15
91 305 19
104 305 13
106 305 21
114 305 14
142 305 11
297 305 14
22 306 7
40 306 2
45 306 5
276 306 5
45 307 2
106 307 4
45 308 0
45 309 0
45 310 0
83 310 0
4 311 42
5 311 14
22 311 14
26 311 2
37 311 20
45 311 25
76 311 4
78 311 26
104 311 23
106 311 49
114 311 28
117 311 11
156 311 25
165 311 22
193 311 6
195 311 24
210 311 50
249 311 36
291 311 22
37 312 11
42 312 6
45 312 25
52 312 12
55 312 6
59 312 8
60 312 5
106 312 43
124 312 13
156 312 16
203 312 5
210 312 28
214 312 5
255 312 7
278 312 5
279 312 6
284 312 6
297 312 13
299 312 2
18 313 1
45 313 2
13 314 17
22 314 14
37 314 20
45 314 26
61 314 20
91 314 23
104 314 16
106 314 43
156 314 29
207 314 17
249 314 27
269 314 21
277 314 3
312 314 12
45 315 10
94 315 4
106 315 11
114 315 5
249 315 6
269 315 5
45 316 2
104 316 1
45 317 12
141 317 4
175 317 3
275 317 4
305 317 6
45 318 19
91 318 14
114 318 10
168 318 4
197 318 9
210 318 15
249 318 13
260 318 8
269 318 7
275 318 7
297 318 15
45 319 3
106 319 3
134 319 1
45 320 2
106 320 2
45 321 0
22 322 2
45 322 5
78 322 10
91 322 11
100 322 3
106 322 10
124 322 4
45 323 1
45 324 0
45 325 2
106 325 2
45 326 3
129 326 0
45 327 2
45 328 6
104 328 4
318 328 3
45 329 6
78 329 6
210 329 8
248 329 4
45 330 0
45 331 15
70 331 2
104 331 13
106 331 22
117 331 3
124 331 9
183 331 4
195 331 11
210 331 23
213 331 7
214 331 5
317 331 7
45 332 8
94 332 5
106 332 10
117 332 3
168 332 3
45 333 6
106 333 5
213 333 3
45 334 0
45 335 0
45 336 7
104 336 6
106 336 8
213 336 7
18 337 7
45 337 12
91 337 12
104 337 7
106 337 15
214 337 3
22 338 5
35 338 4
37 338 9
45 338 9
78 338 11
104 338 10
106 338 17
249 338 11
267 338 16
45 339 2
106 339 3
45 340 0
2 341 14
4 341 50
34 341 10
37 341 23
42 341 5
45 341 114
47 341 11
52 341 20
59 341 15
61 341 20
78 341 38
83 341 42
91 341 44
94 341 16
106 341 119
114 341 33
134 341 14
139 341 2
141 341 12
142 341 23
143 341 5
146 341 7
147 341 2
154 341 16
156 341 27
164 341 1
165 341 21
174 341 5
175 341 8
178 341 1
179 341 9
187 341 7
197 341 29
203 341 5
204 341 14
207 341 15
208 341 14
210 341 58
212 341 2
213 341 17
217 341 6
219 341 1
226 341 3
234 341 21
240 341 4
259 341 2
260 341 9
269 341 21
271 341 15
273 341 2
274 341 3
278 341 5
283 341 2
284 341 6
291 341 26
293 341 4
296 341 5
297 341 20
298 341 5
299 341 1
300 341 2
307 341 3
311 341 31
314 341 22
320 341 2
322 341 6
325 341 2
326 341 2
328 341 4
331 341 12
333 341 5
336 341 6
337 341 8
45 342 0
45 343 0
45 344 0
45 345 1
107 345 0
45 346 1
106 346 1
22 347 9
45 347 15
106 347 21
115 347 1
271 347 15
317 347 8
341 347 15
45 348 6
214 348 3
240 348 2
314 348 3
331 348 3
4 349 31
11 349 6
15 349 8
18 349 9
22 349 11
45 349 28
91 349 27
135 349 1
140 349 7
159 349 8
165 349 17
197 349 22
210 349 35
249 349 25
291 349 20
311 349 24
341 349 23
45 350 0
45 351 12
63 351 4
72 351 7
78 351 12
104 351 12
106 351 21
210 351 24
214 351 6
312 351 12
318 351 6
45 352 10
106 352 17
124 352 10
341 352 8
45 353 0
45 354 6
106 354 9
341 354 5
45 355 5
106 355 5
341 355 6
45 356 0
45 357 6
106 357 8
114 357 5
341 357 7
45 358 2
106 358 2
45 359 0
45 360 0
45 361 5
106 361 6
276 361 5
4 362 2
45 362 1
2 363 34
4 363 88
5 363 16
13 363 43
14 363 3
15 363 15
18 363 65
22 363 53
23 363 3
25 363 3
27 363 4
28 363 8
32 363 13
34 363 19
35 363 8
37 363 46
40 363 16
41 363 8
42 363 11
43 363 14
45 363 159
47 363 33
48 363 5
52 363 37
55 363 12
59 363 33
60 363 12
61 363 36
63 363 13
67 363 4
70 363 12
72 363 39
73 363 12
74 363 3
78 363 79
83 363 115
90 363 3
91 363 87
94 363 39
95 363 1
97 363 1
100 363 7
104 363 92
106 363 193
108 363 2
114 363 67
117 363 36
119 363 3
124 363 45
126 363 7
130 363 10
131 363 3
133 363 1
134 363 21
140 363 23
141 363 19
142 363 36
146 363 10
150 363 7
154 363 31
156 363 54
159 363 23
165 363 31
168 363 15
170 363 10
174 363 6
175 363 12
179 363 18
180 363 10
183 363 7
187 363 13
188 363 11
193 363 8
195 363 50
197 363 59
201 363 5
202 363 12
203 363 13
204 363 31
207 363 33
208 363 23
209 363 9
210 363 142
212 363 3
213 363 22
216 363 5
220 363 22
228 363 16
230 363 14
234 363 36
240 363 7
242 363 25
247 363 10
248 363 11
249 363 90
257 363 10
260 363 22
262 363 2
266 363 5
267 363 25
272 363 8
276 363 38
279 363 11
284 363 10
289 363 9
291 363 46
296 363 7
297 363 44
298 363 6
301 363 3
302 363 25
305 363 21
306 363 12
311 363 61
312 363 40
314 363 48
315 363 11
317 363 20
318 363 22
322 363 14
328 363 10
329 363 10
331 363 29
332 363 9
336 363 9
338 363 21
341 363 117
347 363 32
348 363 5
349 363 47
351 363 24
352 363 18
354 363 7
361 363 6
45 364 0
2 365 8
4 365 24
45 365 18
78 365 21
114 365 16
142 365 14
207 365 9
249 365 26
269 365 10
291 365 22
314 365 16
349 365 14
363 365 40
45 366 4
104 366 3
363 366 7
2 367 18
18 367 28
37 367 27
40 367 7
41 367 5
43 367 6
45 367 36
61 367 19
68 367 8
77 367 1
78 367 32
83 367 42
91 367 34
104 367 35
114 367 39
115 367 4
117 367 18
121 367 7
134 367 8
142 367 18
156 367 20
187 367 5
195 367 23
197 367 30
204 367 18
213 367 8
235 367 2
242 367 18
269 367 17
297 367 21
317 367 10
347 367 20
349 367 20
363 367 75
45 368 2
45 369 1
210 369 1
45 370 0
45 371 1
45 372 0
45 373 0
45 374 0
45 375 0
1 376 0
44 376 6
45 376 32
72 376 7
90 376 0
99 376 1
104 376 21
106 376 48
117 376 11
141 376 12
142 376 16
146 376 8
153 376 5
210 376 30
245 376 5
249 376 23
269 376 18
271 376 12
311 376 20
332 376 5
341 376 24
347 376 16
355 376 5
357 376 4
45 377 11
114 377 10
117 377 10
210 377 14
234 377 9
297 377 12
332 377 4
363 377 20
45 378 7
187 378 4
363 378 10
45 379 0
45 380 1
341 380 1
45 381 0
45 382 1
249 382 1
45 383 2
363 383 8
4 384 22
25 384 2
34 384 6
35 384 5
42 384 5
45 384 81
55 384 7
91 384 27
94 384 9
106 384 77
124 384 24
126 384 2
150 384 4
152 384 1
156 384 17
161 384 4
165 384 12
168 384 5
175 384 6
180 384 7
181 384 4
188 384 5
192 384 1
193 384 6
195 384 18
197 384 16
203 384 6
207 384 14
209 384 4
210 384 39
225 384 9
226 384 2
228 384 7
230 384 7
233 384 2
239 384 2
244 384 2
255 384 9
259 384 2
260 384 12
267 384 11
272 384 8
273 384 4
282 384 1
284 384 6
288 384 3
289 384 4
293 384 4
296 384 4
297 384 21
299 384 2
302 384 8
305 384 8
312 384 29
314 384 16
327 384 2
328 384 3
331 384 11
351 384 13
352 384 9
354 384 5
358 384 2
363 384 75
368 384 2
32 385 1
37 385 5
45 385 15
104 385 6
203 385 2
302 385 2
313 385 1
323 385 1
367 385 8
22 386 8
37 386 18
45 386 20
91 386 18
104 386 14
106 386 30
156 386 17
179 386 11
220 386 14
269 386 18
315 386 5
341 386 19
352 386 9
363 386 35
376 386 16
45 387 0
18 388 5
32 388 9
45 388 8
91 388 9
249 388 8
363 388 10
45 389 1
45 390 7
104 390 9
115 390 1
242 390 7
276 390 4
363 390 9
367 390 10
385 390 3
4 391 20
45 391 15
72 391 11
78 391 18
91 391 15
101 391 0
106 391 24
197 391 13
210 391 24
214 391 2
249 391 21
269 391 7
291 391 15
349 391 16
363 391 28
389 391 2
45 392 18
104 392 12
106 392 23
159 392 5
207 392 11
210 392 22
234 392 13
260 392 11
291 392 12
341 392 15
363 392 27
384 392 13
386 392 7
45 393 0
45 394 1
257 394 2
45 395 2
384 395 2
45 396 0
126 396 0
45 397 5
106 397 8
272 397 3
384 397 4
45 398 0
45 399 2
363 399 2
384 399 2
45 400 7
106 400 8
314 400 8
363 400 11
45 401 0
4 402 9
45 402 6
83 402 6
106 402 10
140 402 3
225 402 4
249 402 8
363 402 10
45 403 12
94 403 6
106 403 14
210 403 12
217 403 3
229 403 1
341 403 10
363 403 12
384 403 9
2 404 21
4 404 52
13 404 25
22 404 29
34 404 13
37 404 27
40 404 10
41 404 6
45 404 57
52 404 30
55 404 9
59 404 24
61 404 26
72 404 27
78 404 49
83 404 59
91 404 48
94 404 26
104 404 45
105 404 0
106 404 95
114 404 41
124 404 26
154 404 23
156 404 33
195 404 36
197 404 35
210 404 77
234 404 25
235 404 3
249 404 56
255 404 9
267 404 19
276 404 31
280 404 6
291 404 38
306 404 10
311 404 38
315 404 9
317 404 11
341 404 58
347 404 22
349 404 31
351 404 19
361 404 5
363 404 121
365 404 26
367 404 41
378 404 6
384 404 34
390 404 8
391 404 25
392 404 18
403 404 10
37 405 2
45 405 3
104 405 3
213 405 2
4 406 15
18 406 9
45 406 13
78 406 10
105 406 1
124 406 6
197 406 14
317 406 5
341 406 10
349 406 11
363 406 24
385 406 2
4 407 30
13 407 15
45 407 46
47 407 7
52 407 16
59 407 12
76 407 2
83 407 28
106 407 67
124 407 15
141 407 7
142 407 11
154 407 8
155 407 3
156 407 20
203 407 4
207 407 11
208 407 15
210 407 35
220 407 8
222 407 7
226 407 2
230 407 7
267 407 8
269 407 14
271 407 6
275 407 4
302 407 8
314 407 20
318 407 10
337 407 4
341 407 49
363 407 71
366 407 3
378 407 4
383 407 3
397 407 2
400 407 6
404 407 37
45 408 2
106 408 2
45 409 12
104 409 9
106 409 15
117 409 2
159 409 6
197 409 10
210 409 18
221 409 3
249 409 12
341 409 9
363 409 19
45 410 1
341 410 1
45 411 1
106 411 3
4 412 8
45 412 9
78 412 6
91 412 7
106 412 10
223 412 2
225 412 3
349 412 5
363 412 10
392 412 3
45 413 3
106 413 4
45 414 0
45 415 7
106 415 10
249 415 7
341 415 6
384 415 4
45 416 1
384 416 1
45 417 0
45 418 1
45 419 3
168 419 1
249 419 1
289 419 1
4 420 10
18 420 6
40 420 2
45 420 10
91 420 11
104 420 10
106 420 16
197 420 9
329 420 3
341 420 10
45 421 2
159 421 2
249 421 2
45 422 7
106 422 9
341 422 4
363 422 8
384 422 4
45 423 10
106 423 13
114 423 5
146 423 5
168 423 3
272 423 4
376 423 8
422 423 4
45 424 0
45 425 7
106 425 9
156 425 6
225 425 2
249 425 4
363 425 6
404 425 5
45 426 1
45 427 0
45 428 1
384 428 1
45 429 5
106 429 9
312 429 5
341 429 4
384 429 5
45 430 17
52 430 14
60 430 6
70 430 4
104 430 17
106 430 32
142 430 9
151 430 5
195 430 12
210 430 31
297 430 16
318 430 9
349 430 9
363 430 32
384 430 14
403 430 8
45 431 5
104 431 3
341 431 2
363 431 10
377 431 3
22 432 0
37 432 9
45 432 7
55 432 1
104 432 4
155 432 3
341 432 3
407 432 4
45 433 0
45 434 5
106 434 2
260 434 2
384 434 3
37 435 15
40 435 2
45 435 10
63 435 4
104 435 11
106 435 22
341 435 11
363 435 25
384 435 8
386 435 14
404 435 18
45 436 6
52 436 2
142 436 5
249 436 5
363 436 7
404 436 5
45 437 0
45 438 7
106 438 8
117 438 2
312 438 7
363 438 10
384 438 6
45 439 0
45 440 0
45 441 0
22 442 3
45 442 3
341 442 2
363 442 8
384 442 2
45 443 0
45 444 2
104 444 2
45 445 3
100 445 1
193 445 2
384 445 2
2 446 18
44 446 3
45 446 22
58 446 4
63 446 2
104 446 12
106 446 35
124 446 12
197 446 27
234 446 12
249 446 23
257 446 7
276 446 7
312 446 8
318 446 9
341 446 18
349 446 16
363 446 45
376 446 20
407 446 13
45 447 2
106 447 3
4 448 8
45 448 17
55 448 3
61 448 8
106 448 29
156 448 8
195 448 9
234 448 7
255 448 4
280 448 4
363 448 25
386 448 9
425 448 4
435 448 6
45 449 1
106 449 2
45 450 2
104 450 2
444 450 2
45 451 0
32 452 6
45 452 33
47 452 4
106 452 34
151 452 4
161 452 2
203 452 3
210 452 18
213 452 7
249 452 19
260 452 5
267 452 4
278 452 3
293 452 2
316 452 1
326 452 1
337 452 4
354 452 3
363 452 32
366 452 2
367 452 12
376 452 8
392 452 6
406 452 2
409 452 7
420 452 3
430 452 7
431 452 2
446 452 7
37 453 14
44 453 2
45 453 11
59 453 13
78 453 11
91 453 13
104 453 12
106 453 22
197 453 14
363 453 23
376 453 11
407 453 8
45 454 5
106 454 2
367 454 3
378 454 1
385 454 2
2 455 25
4 455 52
13 455 24
15 455 14
18 455 28
19 455 0
22 455 31
37 455 29
40 455 10
44 455 6
45 455 44
47 455 25
55 455 7
59 455 24
61 455 31
68 455 9
78 455 44
83 455 51
91 455 45
106 455 73
114 455 42
117 455 22
141 455 18
156 455 39
165 455 23
175 455 10
195 455 27
208 455 23
210 455 71
231 455 4
249 455 44
276 455 18
291 455 35
314 455 36
319 455 3
341 455 48
347 455 27
349 455 28
363 455 95
365 455 26
367 455 50
376 455 32
377 455 13
384 455 20
404 455 59
407 455 36
452 455 14
45 456 2
341 456 2
363 456 2
45 457 2
363 457 2
45 458 1
363 458 2
45 459 0
45 460 0
45 461 15
91 461 16
104 461 11
106 461 18
210 461 17
214 461 3
272 461 4
317 461 4
341 461 14
363 461 20
404 461 14
45 462 7
106 462 9
352 462 6
363 462 10
376 462 7
415 462 4
45 463 0
45 464 1
106 464 1
45 465 3
203 465 3
341 465 3
363 465 5
45 466 10
91 466 10
106 466 18
168 466 3
210 466 15
234 466 8
249 466 11
312 466 10
331 466 8
363 466 16
45 467 3
106 467 5
117 467 1
404 467 4
448 467 3
4 468 14
45 468 10
104 468 8
106 468 13
130 468 2
197 468 10
341 468 10
407 468 6
45 469 6
91 469 6
315 469 3
363 469 7
4 470 40
22 470 21
45 470 29
47 470 20
52 470 26
59 470 23
61 470 21
63 470 8
78 470 38
83 470 45
90 470 1
91 470 33
104 470 25
106 470 58
124 470 22
134 470 10
142 470 18
154 470 17
156 470 29
165 470 16
187 470 9
210 470 55
234 470 20
248 470 8
249 470 33
267 470 16
279 470 8
341 470 42
352 470 12
363 470 79
365 470 21
403 470 9
404 470 51
455 470 44
45 471 0
45 472 1
45 473 3
106 473 4
45 474 1
106 474 2
45 475 2
106 475 2
45 476 0
45 477 2
106 477 3
45 478 15
61 478 6
94 478 5
106 478 17
156 478 9
207 478 6
210 478 9
302 478 6
327 478 2
333 478 2
363 478 16
384 478 12
406 478 4
446 478 6
45 479 5
341 479 6
363 479 11
407 479 4
470 479 9
2 480 14
4 480 48
13 480 19
25 480 2
37 480 28
40 480 9
42 480 7
45 480 90
47 480 13
48 480 3
52 480 20
59 480 15
61 480 20
76 480 5
91 480 44
106 480 115
117 480 24
124 480 27
156 480 32
157 480 1
174 480 3
181 480 4
197 480 33
202 480 11
203 480 9
204 480 17
207 480 16
208 480 14
210 480 68
213 480 11
214 480 13
220 480 13
225 480 11
226 480 2
228 480 12
230 480 8
234 480 25
239 480 2
248 480 10
249 480 50
255 480 9
259 480 3
260 480 16
267 480 16
269 480 23
271 480 16
273 480 4
274 480 4
275 480 13
278 480 8
284 480 6
287 480 2
297 480 28
302 480 13
311 480 31
312 480 38
314 480 35
318 480 19
329 480 9
331 480 18
337 480 10
338 480 12
347 480 20
349 480 25
351 480 17
352 480 13
354 480 5
363 480 122
368 480 2
371 480 2
376 480 26
377 480 15
378 480 4
384 480 55
385 480 7
395 480 2
400 480 6
403 480 9
406 480 12
420 480 10
422 480 5
429 480 5
430 480 22
432 480 3
438 480 8
446 480 24
448 480 14
453 480 16
455 480 53
462 480 7
466 480 14
468 480 9
470 480 40
475 480 2
477 480 3
479 480 7
22 481 9
45 481 17
72 481 7
91 481 21
106 481 26
156 481 22
210 481 26
242 481 6
249 481 22
311 481 22
314 481 21
341 481 17
363 481 32
407 481 14
455 481 26
480 481 20
45 482 8
104 482 8
106 482 13
124 482 3
341 482 8
363 482 11
385 482 2
452 482 5
45 483 1
249 483 1
45 484 1
140 484 1
45 485 0
45 486 0
22 487 5
45 487 5
78 487 11
291 487 8
407 487 6
45 488 7
83 488 7
106 488 11
134 488 5
363 488 12
404 488 8
448 488 6
480 488 8
45 489 6
63 489 1
91 489 8
106 489 9
124 489 2
305 489 5
45 490 3
249 490 5
269 490 5
363 490 7
45 491 0
22 492 19
43 492 5
45 492 33
59 492 15
61 492 18
67 492 1
72 492 15
78 492 32
83 492 32
91 492 36
94 492 12
106 492 48
124 492 16
130 492 7
142 492 14
165 492 14
170 492 5
179 492 9
180 492 6
195 492 22
204 492 12
210 492 48
213 492 10
217 492 7
234 492 21
249 492 33
284 492 5
297 492 19
328 492 5
336 492 5
341 492 37
363 492 66
365 492 14
404 492 41
409 492 9
426 492 1
448 492 9
455 492 37
470 492 43
45 493 1
96 493 1
106 493 4
45 494 2
106 494 6
392 494 5
2 495 11
4 495 23
37 495 16
45 495 23
91 495 22
104 495 15
106 495 29
195 495 24
210 495 26
242 495 10
249 495 20
269 495 15
276 495 17
311 495 19
318 495 8
341 495 17
363 495 32
384 495 11
404 495 25
492 495 11
4 496 12
45 496 11
91 496 11
106 496 13
142 496 8
249 496 13
376 496 9
404 496 11
45 497 1
104 497 1
45 498 0
45 499 0
45 500 1
77 500 0
341 500 1
45 501 0
45 502 1
363 502 3
45 503 0
45 504 1
492 504 1
45 505 0
45 506 1
297 506 1
45 507 4
100 507 1
104 507 2
106 507 3
332 507 2
45 508 0
45 509 2
197 509 3
341 509 2
45 510 0
4 511 29
22 511 11
45 511 35
78 511 22
83 511 24
91 511 31
104 511 23
106 511 39
114 511 24
140 511 11
168 511 4
175 511 9
209 511 5
210 511 36
220 511 14
242 511 8
291 511 19
312 511 10
317 511 10
331 511 12
337 511 13
341 511 27
363 511 51
367 511 27
388 511 4
404 511 28
407 511 17
452 511 10
455 511 35
461 511 16
480 511 24
489 511 6
18 512 20
32 512 9
45 512 38
59 512 15
61 512 19
91 512 33
104 512 30
106 512 45
114 512 27
117 512 12
130 512 6
141 512 15
142 512 17
156 512 24
170 512 5
179 512 10
180 512 9
197 512 22
210 512 37
220 512 11
249 512 26
257 512 5
269 512 18
305 512 15
311 512 21
314 512 24
341 512 27
363 512 55
365 512 12
367 512 26
376 512 22
384 512 14
388 512 7
407 512 17
423 512 7
455 512 35
461 512 8
470 512 23
478 512 9
45 513 0
2 514 15
4 514 31
18 514 15
21 514 0
37 514 26
45 514 79
91 514 38
126 514 5
139 514 1
140 514 8
142 514 20
146 514 7
156 514 20
161 514 2
165 514 12
173 514 1
175 514 6
179 514 9
197 514 25
210 514 37
216 514 4
220 514 13
221 514 1
222 514 6
228 514 9
234 514 10
249 514 35
267 514 8
269 514 19
271 514 8
275 514 6
283 514 1
293 514 3
302 514 8
305 514 11
311 514 19
319 514 2
326 514 2
333 514 2
338 514 8
339 514 2
345 514 1
347 514 12
352 514 8
363 514 76
367 514 26
376 514 33
378 514 4
386 514 23
392 514 8
397 514 3
400 514 4
406 514 10
408 514 2
413 514 4
415 514 5
418 514 1
423 514 7
430 514 10
432 514 4
434 514 1
435 514 9
436 514 5
438 514 3
446 514 18
453 514 10
455 514 36
457 514 2
462 514 7
468 514 6
469 514 5
487 514 6
488 514 4
495 514 15
496 514 8
511 514 22
512 514 26
37 515 6
43 515 3
45 515 9
104 515 9
141 515 3
199 515 1
249 515 9
363 515 15
367 515 12
496 515 3
45 516 0
13 517 23
32 517 12
35 517 6
37 517 40
39 517 3
45 517 87
59 517 24
61 517 26
71 517 1
73 517 6
76 517 5
78 517 37
91 517 57
104 517 51
106 517 133
114 517 44
125 517 2
141 517 19
142 517 30
146 517 11
151 517 5
153 517 7
165 517 19
175 517 8
188 517 9
195 517 31
202 517 10
207 517 19
208 517 19
220 517 18
222 517 13
230 517 10
245 517 6
257 517 9
265 517 1
269 517 34
271 517 22
276 517 22
278 517 7
296 517 4
305 517 19
312 517 20
314 517 37
315 517 10
318 517 14
332 517 6
338 517 15
341 517 59
347 517 28
349 517 27
352 517 13
355 517 6
357 517 7
361 517 6
363 517 122
367 517 49
376 517 48
386 517 30
388 517 9
400 517 11
404 517 53
407 517 44
412 517 8
413 517 7
415 517 8
422 517 8
423 517 12
430 517 19
436 517 5
438 517 7
446 517 36
447 517 3
448 517 13
453 517 22
454 517 3
455 517 65
461 517 17
468 517 13
469 517 7
473 517 4
478 517 10
480 517 66
481 517 23
482 517 8
489 517 7
495 517 22
496 517 13
511 517 40
512 517 39
514 517 58
515 517 16
4 518 10
45 518 7
106 518 11
276 518 5
363 518 11
407 518 5
473 518 3
517 518 12
4 519 26
45 519 22
106 519 27
142 519 17
197 519 20
213 519 9
269 519 16
276 519 8
291 519 15
341 519 22
349 519 15
363 519 34
365 519 12
367 519 25
376 519 16
377 519 8
385 519 4
480 519 23
511 519 18
514 519 18
517 519 29
45 520 4
106 520 4
341 520 4
363 520 4
407 520 4
45 521 5
104 521 4
106 521 5
269 521 5
495 521 6
514 521 4
45 522 0
45 523 4
312 523 3
341 523 2
363 523 5
384 523 3
45 524 0
72 525 4
73 525 9
106 525 12
363 525 13
404 525 9
448 525 3
73 526 1
73 527 2
525 527 2
52 528 13
73 528 6
94 528 8
106 528 34
124 528 8
140 528 6
195 528 13
209 528 3
271 528 7
311 528 15
341 528 23
347 528 8
349 528 11
363 528 35
378 528 2
404 528 22
420 528 4
430 528 12
446 528 8
470 528 14
481 528 7
525 528 8
73 529 0
407 529 0
4 530 31
34 530 8
60 530 8
72 530 12
73 530 6
81 530 3
83 530 27
104 530 27
106 530 47
154 530 12
159 530 11
177 530 1
204 530 17
207 530 12
210 530 39
222 530 5
249 530 30
271 530 7
280 530 5
311 530 23
314 530 18
341 530 34
363 530 50
367 530 18
404 530 35
420 530 10
430 530 17
452 530 14
455 530 26
470 530 26
480 530 31
492 530 19
528 530 26
47 531 5
63 531 4
73 531 5
210 531 13
249 531 13
291 531 10
363 531 16
404 531 13
455 531 11
525 531 7
73 532 2
363 532 4
514 532 1
525 532 2
73 533 10
106 533 7
525 533 8
526 533 1
527 533 2
528 533 6
530 533 6
531 533 4
2 534 3
16 534 0
37 534 5
73 534 0
156 534 6
210 534 7
308 534 0
347 534 1
446 534 2
455 534 10
487 534 1
519 534 1
5 535 0
5 536 0
5 537 5
336 537 2
5 538 1
52 538 8
134 538 2
341 538 7
5 539 0
5 540 13
311 540 5
363 540 3
537 540 5
5 541 1
5 542 0
5 543 6
157 543 0
210 543 8
311 543 10
363 543 9
5 544 4
5 545 0
5 546 0
47 546 1
5 547 4
5 548 2
5 549 1
5 550 1
5 551 0
5 552 2
106 552 1
5 553 4
106 553 9
124 553 3
213 553 4
341 553 4
363 553 9
407 553 4
5 554 2
5 555 1
4 556 10
5 556 4
104 556 14
106 556 18
134 556 4
170 556 2
210 556 16
213 556 8
336 556 6
363 556 21
384 556 7
409 556 6
452 556 6
528 556 8
530 556 12
537 556 4
540 556 4
5 557 1
106 557 2
124 557 2
363 557 3
5 558 0
4 559 0
5 559 1
301 559 0
5 560 0
5 561 0
5 562 1
5 563 0
5 564 0
5 565 0
5 566 4
5 567 1
5 568 2
566 568 2
5 569 1
5 570 0
5 571 0
5 572 2
5 573 1
5 574 7
541 574 1
566 574 1
573 574 1
5 575 7
5 576 5
5 577 1
5 578 0
5 579 0
5 580 10
540 580 5
569 580 1
5 581 0
5 582 1
5 583 0
5 584 6
544 584 4
575 584 2
5 585 1
5 586 1
5 587 2
5 588 0
5 589 1
5 590 0
5 591 1
5 592 1
5 593 6
28 593 2
49 593 2
101 593 2
311 593 4
392 593 2
470 593 1
540 593 4
559 593 1
5 594 0
5 595 3
106 595 4
247 595 0
248 595 2
404 595 2
593 595 2
5 596 2
363 596 1
5 597 1
540 597 1
5 598 0
5 599 1
5 600 0
5 601 6
106 601 4
480 601 1
548 601 2
552 601 3
553 601 3
580 601 2
582 601 1
5 602 0
5 603 2
311 603 2
5 604 0
5 605 0
5 606 5
575 606 4
5 607 1
574 607 1
5 608 2
18 608 14
37 608 19
40 608 8
78 608 26
104 608 21
106 608 40
107 608 3
202 608 8
210 608 40
242 608 10
247 608 2
249 608 29
363 608 47
367 608 25
391 608 14
404 608 32
407 608 16
452 608 9
455 608 36
470 608 24
480 608 26
492 608 18
517 608 31
530 608 25
534 608 4
5 609 0
5 610 1
106 610 2
517 610 1
587 610 1
5 611 1
549 611 1
5 612 0
5 613 1
5 614 0
5 615 0
5 616 1
4 617 32
5 617 10
15 617 9
78 617 23
91 617 22
94 617 10
106 617 37
114 617 22
117 617 12
154 617 12
165 617 19
193 617 6
195 617 21
210 617 34
249 617 30
291 617 21
311 617 42
341 617 24
349 617 23
363 617 48
367 617 19
376 617 18
455 617 31
480 617 25
495 617 14
496 617 9
512 617 19
517 617 31
528 617 11
530 617 18
543 617 8
572 617 1
603 617 2
5 618 5
165 618 3
195 618 3
311 618 5
363 618 5
617 618 5
5 619 0
5 620 4
618 620 2
5 621 7
537 621 4
540 621 4
576 621 2
585 621 1
4 622 1
5 622 0
210 622 1
5 623 0
4 624 0
5 624 5
537 624 4
540 624 5
580 624 3
621 624 4
5 625 0
5 626 0
5 627 1
5 628 0
5 629 0
5 630 5
575 630 4
606 630 5
4 631 4
5 631 1
47 631 3
78 631 3
341 631 6
363 631 8
446 631 3
462 631 1
5 632 3
574 632 2
5 633 1
580 633 1
5 634 5
562 634 1
566 634 1
5 635 19
544 635 4
547 635 3
567 635 1
575 635 6
576 635 3
584 635 5
606 635 5
617 635 1
620 635 3
630 635 5
634 635 1
5 636 0
5 637 2
584 637 1
5 638 1
5 639 0
5 640 50
104 640 3
336 640 3
537 640 6
538 640 1
540 640 8
543 640 4
544 640 3
547 640 3
548 640 2
550 640 1
552 640 2
553 640 2
554 640 2
555 640 1
556 640 6
572 640 1
576 640 5
577 640 1
580 640 6
584 640 3
586 640 1
589 640 1
593 640 5
595 640 2
599 640 1
601 640 5
606 640 4
613 640 1
618 640 2
620 640 4
621 640 7
624 640 5
627 640 1
630 640 4
632 640 1
635 640 11
638 640 1
5 641 0
5 642 7
311 642 3
540 642 5
580 642 3
593 642 4
637 642 1
640 642 4
5 643 6
15 643 3
26 643 5
28 643 4
49 643 3
101 643 3
106 643 6
157 643 0
311 643 6
363 643 9
517 643 4
617 643 7
640 643 2
5 644 1
642 644 1
5 645 1
106 645 3
312 645 1
5 646 3
311 646 2
543 646 3
640 646 2
5 647 4
195 647 3
256 647 0
289 647 1
363 647 7
495 647 3
496 647 1
576 647 2
640 647 3
643 647 3
5 648 0
5 649 0
5 650 5
165 650 4
311 650 7
543 650 5
617 650 7
621 650 2
640 650 3
5 651 1
640 651 1
5 652 2
363 652 7
407 652 2
5 653 0
5 654 8
547 654 3
575 654 4
576 654 3
606 654 5
620 654 3
630 654 5
635 654 8
640 654 7
5 655 3
210 655 1
544 655 3
584 655 3
635 655 3
5 656 4
574 656 2
632 656 2
5 657 0
5 658 0
19 658 0
5 659 0
5 660 1
634 660 1
5 661 0
5 662 0
5 663 2
574 663 1
640 663 1
5 664 3
575 664 2
635 664 3
640 664 2
5 665 1
616 665 1
5 666 0
5 667 3
363 667 2
470 667 1
587 667 1
640 667 1
5 668 0
5 669 0
5 670 0
5 671 0
5 672 3
575 672 1
580 672 1
634 672 1
5 673 0
5 674 1
640 674 1
5 675 2
311 675 2
540 675 2
5 676 3
311 676 2
617 676 2
640 676 1
5 677 2
640 677 1
656 677 1
5 678 0
5 679 2
635 679 1
656 679 1
5 680 0
5 681 1
547 681 1
5 682 0
5 683 0
5 684 4
554 684 2
596 684 1
635 684 2
640 684 3
5 685 1
592 685 1
5 686 0
5 687 2
635 687 1
643 687 1
2 688 12
4 688 35
5 688 8
16 688 0
32 688 8
37 688 22
47 688 9
68 688 7
72 688 19
91 688 30
94 688 8
106 688 79
114 688 26
121 688 4
125 688 2
140 688 9
141 688 8
154 688 9
156 688 23
165 688 14
177 688 0
197 688 22
203 688 2
204 688 9
208 688 9
210 688 32
212 688 1
216 688 3
220 688 12
222 688 5
245 688 3
249 688 32
250 688 0
254 688 0
255 688 4
259 688 1
267 688 9
271 688 7
275 688 5
293 688 2
302 688 7
311 688 22
324 688 0
327 688 0
338 688 10
347 688 12
363 688 74
367 688 23
376 688 23
383 688 4
386 688 14
389 688 1
391 688 14
397 688 3
406 688 6
408 688 2
413 688 3
415 688 6
422 688 4
423 688 7
429 688 2
430 688 9
435 688 9
442 688 2
455 688 36
461 688 9
468 688 7
481 688 14
482 688 5
495 688 13
509 688 1
511 688 20
514 688 53
517 688 52
518 688 5
519 688 15
521 688 3
525 688 6
553 688 3
591 688 1
595 688 3
608 688 17
645 688 2
652 688 3
5 689 0
5 690 2
566 690 2
568 690 2
5 691 0
34 691 0
168 691 0
5 692 0
5 693 0
5 694 3
540 694 2
580 694 2
635 694 1
5 695 0
5 696 0
5 697 0
5 698 2
580 698 2
640 698 2
5 699 0
5 700 0
470 700 0
4 701 37
13 701 26
61 701 19
72 701 18
78 701 32
106 701 49
117 701 12
121 701 3
156 701 24
165 701 18
187 701 4
208 701 16
210 701 42
248 701 7
249 701 34
291 701 22
311 701 28
314 701 20
352 701 9
363 701 59
365 701 18
391 701 20
392 701 11
404 701 41
407 701 26
455 701 38
470 701 33
480 701 34
492 701 21
517 701 29
543 701 9
608 701 24
617 701 22
650 701 5
13 702 9
78 702 16
106 702 32
114 702 11
197 702 13
210 702 26
247 702 4
248 702 6
311 702 18
312 702 10
341 702 19
363 702 32
384 702 14
404 702 26
407 702 11
480 702 18
528 702 12
530 702 17
547 702 0
556 702 9
701 702 20
13 703 0
13 704 9
18 704 4
106 704 11
363 704 11
404 704 9
407 704 7
448 704 3
701 704 7
13 705 4
94 705 3
106 705 9
168 705 2
197 705 3
210 705 3
363 705 9
517 705 4
13 706 5
363 706 7
429 706 0
702 706 3
4 707 21
13 707 16
52 707 16
94 707 7
106 707 34
124 707 12
156 707 21
208 707 16
249 707 20
302 707 11
314 707 20
363 707 38
365 707 15
404 707 29
407 707 23
455 707 30
470 707 22
480 707 25
481 707 16
517 707 21
534 707 2
688 707 12
701 707 26
13 708 3
210 708 5
363 708 6
404 708 6
530 708 6
13 709 6
38 709 0
78 709 4
106 709 6
363 709 6
438 709 3
701 709 5
4 710 15
13 710 13
59 710 14
72 710 9
106 710 26
134 710 7
156 710 18
306 710 4
341 710 14
363 710 31
365 710 10
385 710 0
407 710 12
470 710 21
701 710 18
705 710 3
706 710 2
707 710 15
13 711 16
48 711 3
52 711 13
61 711 15
72 711 11
77 711 1
78 711 23
83 711 26
91 711 27
106 711 49
114 711 20
124 711 15
179 711 8
197 711 15
210 711 35
213 711 7
220 711 13
222 711 6
231 711 2
249 711 27
260 711 6
269 711 12
272 711 4
278 711 6
297 711 16
312 711 16
352 711 9
363 711 54
376 711 15
378 711 5
384 711 17
386 711 16
402 711 4
404 711 28
407 711 22
448 711 9
455 711 30
466 711 9
480 711 37
488 711 10
511 711 20
514 711 21
515 711 6
517 711 33
704 711 8
13 712 10
78 712 4
407 712 5
455 712 8
701 712 7
13 713 3
94 713 5
146 713 1
168 713 1
195 713 9
197 713 5
210 713 10
276 713 8
311 713 7
349 713 8
363 713 16
397 713 0
404 713 12
495 713 8
617 713 8
13 714 0
13 715 4
22 715 3
83 715 5
363 715 8
367 715 6
517 715 6
13 716 4
709 716 2
712 716 3
13 717 1
363 717 1
2 718 12
4 718 28
11 718 6
13 718 7
47 718 11
61 718 8
124 718 8
134 718 8
142 718 9
153 718 2
154 718 7
156 718 18
165 718 13
197 718 21
204 718 7
210 718 35
221 718 1
271 718 7
275 718 3
306 718 2
311 718 18
333 718 1
336 718 2
347 718 10
349 718 18
363 718 53
376 718 20
391 718 11
392 718 8
409 718 7
431 718 3
435 718 6
446 718 17
453 718 9
455 718 31
461 718 8
471 718 0
477 718 1
480 718 37
481 718 13
487 718 4
494 718 5
511 718 14
517 718 36
518 718 3
546 718 1
608 718 16
617 718 16
701 718 20
13 719 0
210 719 0
13 720 5
91 720 7
94 720 8
106 720 13
197 720 6
210 720 8
276 720 8
363 720 12
404 720 12
707 720 6
13 721 3
709 721 2
712 721 2
716 721 3
13 722 6
106 722 22
140 722 2
156 722 15
210 722 17
229 722 0
267 722 12
312 722 11
314 722 9
338 722 7
363 722 21
377 722 3
384 722 15
404 722 14
430 722 11
480 722 17
495 722 6
2 723 11
4 723 39
13 723 12
18 723 22
37 723 21
47 723 10
48 723 2
61 723 15
68 723 9
121 723 7
130 723 6
140 723 7
141 723 8
142 723 16
154 723 9
156 723 21
161 723 0
179 723 10
184 723 0
187 723 5
195 723 19
197 723 23
207 723 11
208 723 8
210 723 40
222 723 4
228 723 5
230 723 4
231 723 1
234 723 14
257 723 10
269 723 19
271 723 10
275 723 4
287 723 1
291 723 20
293 723 0
297 723 16
300 723 0
311 723 20
314 723 20
322 723 2
329 723 6
331 723 6
337 723 4
339 723 1
347 723 12
351 723 5
363 723 96
367 723 40
376 723 27
377 723 11
378 723 4
386 723 16
394 723 3
400 723 5
406 723 7
413 723 2
420 723 5
431 723 2
432 723 1
435 723 7
446 723 19
448 723 14
449 723 0
453 723 6
455 723 51
462 723 4
465 723 2
467 723 2
468 723 5
470 723 24
479 723 4
485 723 0
487 723 6
490 723 4
492 723 22
511 723 17
512 723 25
517 723 59
518 723 5
519 723 19
523 723 1
608 723 17
617 723 17
652 723 2
707 723 13
712 723 4
715 723 5
13 724 2
712 724 2
716 724 2
13 725 1
712 725 1
13 726 1
704 726 1
4 727 51
11 727 7
13 727 23
22 727 24
27 727 2
45 727 42
52 727 32
72 727 25
78 727 44
91 727 38
104 727 38
106 727 66
114 727 30
140 727 12
143 727 6
165 727 21
170 727 6
179 727 13
207 727 21
210 727 69
230 727 15
234 727 23
249 727 45
269 727 25
291 727 29
297 727 33
306 727 7
311 727 34
312 727 17
314 727 36
341 727 45
347 727 20
349 727 29
351 727 19
363 727 89
365 727 24
367 727 33
384 727 26
391 727 20
392 727 22
404 727 59
407 727 29
430 727 20
452 727 14
455 727 53
470 727 49
480 727 49
482 727 9
492 727 40
530 727 34
531 727 9
543 727 8
593 727 5
608 727 33
640 727 3
701 727 39
706 727 3
707 727 23
708 727 7
711 727 25
712 727 8
723 727 38
13 728 3
91 728 4
94 728 2
168 728 1
175 728 2
210 728 4
256 728 0
289 728 1
302 728 1
363 728 10
710 728 2
711 728 4
13 729 7
22 729 8
70 729 6
83 729 16
106 729 24
114 729 12
210 729 23
220 729 9
225 729 6
249 729 18
291 729 13
351 729 10
363 729 30
365 729 10
384 729 15
397 729 3
404 729 20
448 729 4
480 729 22
512 729 14
514 729 7
617 729 14
2 730 20
4 730 50
13 730 19
15 730 11
18 730 27
22 730 33
32 730 11
37 730 28
41 730 8
44 730 6
45 730 56
58 730 5
61 730 28
76 730 5
78 730 42
83 730 41
94 730 14
104 730 39
106 730 78
114 730 43
121 730 10
141 730 15
142 730 27
147 730 2
154 730 22
156 730 36
159 730 14
165 730 21
195 730 22
197 730 35
210 730 61
213 730 14
220 730 17
222 730 9
249 730 49
269 730 26
291 730 36
305 730 12
306 730 6
311 730 41
314 730 32
329 730 9
337 730 12
341 730 53
347 730 24
349 730 31
351 730 12
363 730 95
367 730 47
376 730 34
377 730 13
386 730 24
391 730 19
404 730 55
409 730 13
446 730 29
452 730 17
455 730 65
480 730 53
481 730 22
487 730 18
488 730 9
511 730 34
512 730 33
514 730 43
517 730 62
519 730 30
525 730 6
530 730 27
531 730 9
617 730 32
650 730 4
688 730 45
701 730 30
704 730 7
710 730 13
711 730 30
718 730 38
723 730 54
13 731 7
72 731 9
341 731 9
363 731 14
404 731 13
455 731 12
470 731 11
492 731 11
512 731 6
701 731 11
727 731 11
13 732 8
114 732 14
156 732 12
197 732 15
210 732 16
291 732 11
363 732 26
367 732 21
406 732 5
455 732 22
511 732 13
512 732 12
517 732 19
701 732 10
723 732 22
730 732 21
13 733 6
22 733 4
363 733 10
367 733 2
480 733 3
701 733 6
706 733 2
13 734 0
51 735 0
68 736 0
68 737 0
68 738 0
68 739 0
106 739 1
711 739 1
68 740 0
197 740 1
481 740 0
68 741 0
210 741 4
363 741 4
376 741 4
496 741 2
617 741 4
68 742 1
4 743 25
11 743 3
22 743 18
27 743 2
32 743 8
53 743 0
61 743 16
68 743 5
72 743 12
78 743 25
84 743 0
104 743 19
105 743 0
106 743 39
134 743 7
142 743 17
202 743 8
207 743 13
210 743 29
249 743 25
260 743 8
298 743 4
311 743 24
314 743 21
341 743 26
355 743 4
361 743 3
363 743 47
367 743 23
376 743 20
383 743 4
388 743 4
411 743 1
415 743 6
452 743 11
480 743 23
482 743 8
487 743 9
517 743 35
519 743 16
688 743 22
723 743 23
727 743 29
730 743 33
68 744 0
106 744 1
517 744 1
4 745 9
32 745 3
68 745 3
72 745 3
124 745 3
156 745 5
171 745 0
249 745 12
275 745 2
294 745 0
304 745 1
307 745 0
367 745 12
378 745 2
388 745 3
390 745 1
446 745 7
515 745 5
517 745 10
531 745 1
608 745 5
723 745 13
68 746 0
18 747 3
68 747 2
363 747 3
688 747 3
68 748 0
68 749 0
68 750 0
68 751 0
68 752 0
68 753 0
68 754 0
68 755 1
117 755 1
363 755 3
723 755 2
68 756 0
349 756 0
68 757 0
68 758 0
106 758 2
452 758 1
517 758 1
68 759 0
4 760 7
22 760 3
68 760 2
291 760 5
392 760 2
404 760 8
407 760 5
455 760 9
707 760 4
68 761 0
2 762 1
37 762 1
68 762 0
140 762 0
376 762 0
68 763 0
68 764 0
68 765 0
68 766 0
68 767 0
68 768 1
363 768 5
723 768 3
68 769 0
68 770 0
68 771 0
525 771 0
701 771 1
726 771 0
733 771 1
68 772 0
511 772 1
517 772 1
4 773 35
42 773 7
43 773 4
52 773 22
55 773 6
61 773 17
68 773 7
72 773 16
78 773 30
91 773 25
104 773 33
106 773 58
114 773 24
154 773 15
155 773 4
156 773 26
184 773 4
197 773 26
204 773 16
208 773 12
210 773 47
291 773 23
300 773 1
311 773 28
314 773 24
329 773 6
331 773 11
341 773 45
362 773 1
363 773 64
367 773 25
404 773 47
407 773 28
435 773 10
446 773 13
455 773 39
468 773 9
480 773 36
481 773 18
487 773 7
512 773 21
519 773 15
530 773 26
608 773 24
688 773 34
701 773 26
707 773 18
727 773 35
729 773 10
730 773 38
731 773 10
742 773 1
743 773 24
68 774 0
68 775 0
2 776 17
4 776 26
18 776 17
34 776 6
40 776 7
68 776 5
72 776 10
106 776 36
142 776 14
156 776 19
208 776 12
210 776 27
242 776 7
259 776 3
269 776 16
271 776 12
326 776 3
333 776 4
341 776 31
363 776 40
376 776 20
386 776 14
394 776 1
406 776 8
407 776 20
430 776 12
455 776 29
480 776 29
511 776 19
514 776 28
517 776 30
528 776 11
608 776 18
688 776 27
711 776 15
718 776 21
723 776 26
730 776 26
68 777 0
68 778 0
68 779 0
68 780 0
68 781 0
68 782 0
311 782 0
68 783 1
197 783 1
773 783 2
68 784 0
68 785 0
68 786 0
68 787 0
63 788 1
79 788 0
106 788 10
249 788 6
302 788 4
407 788 5
448 788 2
517 788 7
110 789 0
22 790 10
66 790 0
83 790 15
106 790 19
197 790 12
210 790 24
311 790 16
341 790 13
363 790 30
365 790 5
386 790 14
391 790 9
448 790 5
514 790 11
517 790 19
534 790 2
688 790 16
718 790 10
723 790 12
730 790 22
733 790 4
741 790 2
743 790 13
773 790 12
83 791 0
83 792 7
210 792 7
363 792 6
480 792 2
27 793 1
83 793 4
106 793 6
276 793 4
363 793 7
404 793 5
448 793 2
22 794 12
40 794 5
44 794 2
78 794 21
83 794 20
104 794 7
106 794 24
124 794 12
156 794 16
210 794 28
312 794 9
341 794 15
363 794 30
455 794 20
470 794 23
480 794 15
492 794 17
517 794 17
519 794 8
710 794 13
83 795 2
363 795 3
480 795 2
37 796 18
83 796 27
104 796 15
106 796 22
114 796 18
214 796 6
257 796 5
341 796 15
363 796 35
367 796 23
407 796 11
455 796 29
480 796 21
514 796 14
517 796 26
534 796 5
688 796 13
723 796 18
727 796 23
768 796 5
776 796 14
2 797 7
37 797 14
83 797 15
104 797 11
114 797 12
117 797 7
210 797 13
269 797 7
302 797 5
363 797 24
367 797 18
404 797 12
407 797 10
432 797 4
453 797 8
514 797 13
517 797 17
83 798 7
142 798 2
187 798 2
331 798 3
363 798 9
711 798 4
83 799 0
78 800 5
83 800 7
363 800 4
13 801 8
22 801 25
59 801 8
78 801 17
83 801 14
130 801 4
154 801 6
156 801 11
210 801 20
314 801 11
338 801 6
347 801 8
363 801 30
376 801 7
383 801 3
397 801 1
442 801 3
455 801 23
470 801 14
492 801 13
517 801 16
538 801 1
688 801 18
727 801 14
730 801 19
733 801 5
743 801 13
760 801 2
773 801 14
790 801 10
794 801 12
22 802 30
37 802 19
52 802 21
59 802 18
60 802 5
61 802 21
70 802 7
72 802 20
78 802 52
83 802 62
91 802 45
106 802 80
114 802 48
124 802 23
134 802 11
141 802 10
159 802 14
170 802 6
179 802 11
195 802 23
197 802 34
204 802 15
207 802 20
208 802 11
210 802 58
214 802 11
222 802 7
234 802 22
247 802 3
260 802 12
267 802 15
271 802 11
275 802 11
291 802 27
297 802 26
302 802 11
305 802 13
306 802 6
311 802 27
314 802 21
317 802 16
318 802 15
338 802 11
347 802 18
349 802 25
351 802 17
363 802 113
365 802 28
367 802 42
394 802 1
404 802 60
406 802 10
409 802 9
435 802 9
446 802 20
453 802 14
455 802 50
470 802 40
479 802 5
480 802 67
488 802 7
492 802 39
502 802 1
511 802 22
512 802 26
517 802 54
617 802 23
652 802 3
701 802 33
702 802 18
707 802 20
710 802 16
711 802 30
727 802 52
729 802 19
731 802 10
743 802 20
755 802 1
768 802 3
796 802 25
797 802 14
2 803 20
4 803 54
11 803 6
13 803 23
15 803 10
22 803 34
23 803 2
37 803 29
52 803 21
59 803 18
60 803 5
61 803 25
67 803 1
70 803 6
72 803 23
78 803 53
83 803 63
91 803 54
106 803 112
124 803 24
131 803 2
134 803 15
141 803 9
142 803 23
143 803 5
150 803 5
154 803 17
156 803 33
161 803 2
174 803 5
177 803 1
195 803 26
199 803 1
201 803 3
202 803 11
204 803 18
208 803 12
210 803 71
213 803 12
220 803 14
225 803 7
228 803 13
234 803 23
249 803 58
255 803 7
269 803 30
271 803 17
274 803 3
275 803 11
279 803 6
291 803 31
293 803 5
294 803 0
297 803 23
302 803 16
307 803 2
312 803 29
314 803 32
337 803 9
339 803 2
341 803 74
347 803 21
349 803 33
352 803 14
363 803 133
365 803 30
366 803 2
367 803 45
370 803 0
377 803 12
384 803 38
386 803 20
391 803 22
394 803 1
404 803 65
406 803 11
409 803 9
415 803 8
420 803 8
423 803 3
435 803 13
438 803 7
446 803 23
453 803 13
455 803 58
461 803 13
462 803 7
468 803 8
470 803 46
474 803 1
478 803 11
479 803 6
480 803 91
481 803 22
487 803 12
488 803 8
490 803 6
494 803 3
502 803 1
511 803 31
517 803 73
519 803 23
530 803 35
538 803 3
608 803 28
617 803 29
701 803 38
702 803 18
707 803 25
709 803 6
710 803 19
711 803 34
712 803 5
713 803 7
715 803 7
718 803 44
727 803 53
729 803 22
730 803 64
743 803 29
768 803 3
788 803 7
790 803 17
796 803 21
797 803 15
40 804 4
42 804 4
72 804 11
78 804 21
83 804 18
91 804 18
106 804 28
124 804 12
210 804 27
230 804 4
260 804 2
302 804 7
349 804 6
352 804 6
363 804 37
391 804 12
404 804 26
470 804 19
492 804 16
514 804 8
688 804 12
701 804 20
702 804 10
710 804 7
722 804 7
731 804 8
773 804 15
792 804 4
794 804 12
83 805 2
311 805 2
534 805 1
688 805 3
790 805 5
4 806 42
14 806 2
18 806 26
37 806 23
47 806 14
52 806 21
58 806 7
59 806 16
60 806 7
63 806 11
73 806 11
81 806 3
83 806 32
91 806 44
94 806 14
104 806 58
106 806 88
135 806 2
155 806 3
156 806 25
161 806 4
168 806 6
184 806 4
195 806 27
197 806 23
203 806 4
207 806 13
210 806 58
217 806 3
225 806 10
240 806 3
247 806 4
248 806 8
249 806 39
255 806 7
260 806 11
269 806 18
272 806 6
273 806 3
275 806 9
276 806 15
279 806 6
291 806 19
293 806 4
297 806 23
302 806 7
305 806 12
311 806 29
314 806 21
318 806 15
331 806 11
337 806 6
363 806 91
366 806 2
376 806 20
384 806 42
392 806 16
404 806 52
423 806 8
430 806 22
431 806 3
432 806 5
435 806 13
447 806 2
455 806 44
470 806 33
480 806 61
481 806 15
492 806 27
495 806 22
496 806 10
512 806 29
514 806 37
517 806 42
525 806 9
528 806 23
530 806 34
531 806 17
533 806 8
556 806 12
608 806 25
617 806 24
647 806 5
702 806 17
704 806 4
718 806 24
722 806 14
727 806 37
729 806 18
773 806 31
776 806 21
796 806 20
83 807 0
11 808 4
15 808 3
42 808 4
52 808 15
55 808 5
78 808 22
81 808 1
83 808 23
85 808 2
106 808 69
134 808 9
135 808 1
155 808 3
156 808 14
181 808 2
197 808 13
203 808 1
204 808 12
207 808 6
208 808 4
210 808 32
213 808 4
226 808 0
230 808 5
244 808 1
250 808 0
255 808 6
267 808 10
272 808 3
273 808 1
279 808 6
280 808 4
293 808 2
298 808 3
302 808 5
307 808 1
332 808 1
337 808 1
354 808 2
366 808 1
392 808 11
393 808 0
395 808 2
402 808 5
403 808 6
429 808 3
430 808 13
431 808 1
435 808 7
448 808 8
453 808 7
466 808 5
470 808 23
482 808 4
488 808 4
493 808 2
494 808 4
497 808 0
525 808 6
528 808 12
530 808 23
533 808 5
553 808 2
556 808 8
608 808 12
614 808 1
676 808 0
702 808 14
710 808 7
718 808 16
722 808 10
727 808 21
773 808 23
792 808 2
800 808 3
83 809 1
52 810 15
83 810 20
91 810 18
94 810 6
106 810 25
150 810 4
210 810 23
249 810 14
269 810 4
291 810 11
293 810 3
308 810 1
363 810 30
404 810 23
430 810 5
448 810 3
470 810 19
492 810 17
702 810 9
727 810 20
773 810 12
802 810 18
803 810 22
4 811 49
15 811 11
22 811 27
34 811 11
52 811 29
59 811 27
61 811 24
72 811 23
78 811 52
83 811 56
91 811 44
104 811 38
106 811 86
124 811 26
140 811 14
142 811 25
156 811 37
197 811 36
208 811 20
210 811 76
230 811 13
234 811 25
248 811 11
249 811 48
255 811 11
267 811 22
276 811 19
291 811 31
312 811 24
314 811 34
315 811 5
317 811 9
329 811 9
331 811 17
338 811 17
341 811 51
354 811 6
363 811 111
365 811 27
384 811 32
391 811 25
392 811 18
403 811 10
404 811 79
407 811 35
435 811 19
455 811 55
466 811 12
470 811 56
479 811 10
480 811 56
492 811 38
514 811 30
515 811 8
517 811 54
519 811 24
528 811 16
530 811 32
543 811 5
595 811 4
608 811 34
688 811 32
701 811 44
702 811 26
708 811 5
710 811 25
718 811 27
720 811 8
722 811 17
723 811 37
727 811 55
730 811 45
773 811 43
776 811 27
794 811 27
796 811 26
801 811 21
802 811 54
803 811 59
804 811 28
806 811 50
808 811 36
810 811 22
37 812 8
83 812 9
104 812 7
106 812 12
376 812 8
480 812 10
517 812 10
688 812 4
723 812 6
793 812 2
803 812 8
806 812 11
34 813 4
47 813 5
52 813 19
78 813 15
83 813 22
91 813 17
104 813 10
210 813 23
363 813 25
480 813 14
492 813 12
514 813 6
534 813 3
727 813 21
796 813 14
802 813 16
803 813 15
806 813 18
808 813 7
810 813 11
812 813 8
83 814 9
106 814 18
156 814 9
168 814 2
210 814 12
226 814 0
267 814 6
337 814 2
338 814 5
363 814 19
397 814 1
404 814 14
431 814 1
479 814 2
496 814 2
512 814 5
727 814 7
730 814 10
811 814 15
83 815 2
745 815 0
802 815 1
83 816 12
91 816 9
210 816 11
242 816 4
363 816 14
367 816 11
455 816 11
470 816 11
492 816 9
727 816 10
797 816 5
83 817 1
363 817 1
83 818 0
83 819 0
83 820 9
106 820 15
197 820 8
207 820 3
208 820 6
210 820 10
269 820 2
291 820 7
363 820 17
404 820 11
420 820 2
448 820 2
455 820 10
706 820 1
707 820 5
718 820 6
804 820 8
811 820 13
83 821 0
4 822 16
47 822 8
52 822 9
83 822 21
91 822 14
117 822 8
138 822 0
154 822 5
156 822 13
208 822 7
210 822 22
298 822 1
363 822 34
386 822 6
404 822 20
413 822 0
435 822 4
446 822 4
455 822 22
470 822 21
481 822 9
487 822 3
701 822 14
707 822 10
790 822 5
796 822 8
804 822 11
811 822 18
813 822 9
13 823 9
22 823 11
43 823 3
78 823 21
83 823 28
106 823 24
197 823 16
255 823 6
341 823 15
363 823 34
365 823 10
404 823 26
455 823 28
470 823 26
492 823 25
688 823 13
723 823 12
730 823 21
731 823 10
747 823 2
773 823 20
801 823 12
802 823 17
804 823 13
806 823 14
808 823 9
810 823 10
811 823 28
816 823 5
822 823 9
83 824 4
276 824 1
409 824 0
470 824 2
610 824 0
83 825 0
4 826 28
14 826 1
15 826 7
52 826 14
59 826 12
61 826 14
78 826 42
83 826 30
91 826 29
142 826 13
154 826 10
184 826 1
195 826 14
204 826 10
210 826 35
217 826 3
230 826 4
267 826 8
269 826 10
271 826 7
275 826 5
276 826 11
287 826 0
293 826 2
301 826 2
302 826 6
308 826 1
311 826 17
314 826 16
322 826 4
338 826 5
347 826 10
349 826 14
351 826 7
363 826 59
386 826 9
404 826 38
413 826 1
455 826 31
461 826 7
470 826 27
481 826 14
487 826 9
492 826 21
517 826 33
608 826 16
702 826 10
707 826 16
710 826 10
727 826 29
730 826 33
743 826 16
773 826 26
794 826 12
800 826 4
803 826 47
810 826 23
811 826 38
813 826 11
823 826 11
83 827 2
480 827 3
608 827 4
723 827 1
803 827 3
806 827 3
83 828 6
104 828 3
106 828 8
267 828 5
317 828 1
341 828 2
478 828 1
480 828 3
802 828 7
826 828 2
83 829 1
702 829 0
47 830 1
83 830 2
453 830 0
470 830 5
538 830 0
710 830 2
727 830 2
811 830 4
83 831 0
4 832 12
14 832 1
34 832 4
52 832 12
83 832 14
94 832 3
106 832 47
124 832 13
135 832 1
156 832 8
161 832 1
168 832 3
180 832 2
187 832 2
208 832 5
209 832 1
230 832 4
240 832 2
242 832 3
249 832 14
267 832 9
279 832 3
284 832 2
289 832 2
293 832 3
297 832 12
298 832 3
305 832 4
318 832 7
331 832 4
341 832 30
357 832 2
366 832 2
392 832 8
395 832 1
399 832 0
402 832 6
407 832 19
429 832 3
430 832 10
453 832 5
461 832 3
482 832 5
494 832 4
530 832 13
538 832 3
593 832 2
596 832 0
702 832 9
718 832 11
720 832 2
722 832 7
727 832 19
802 832 17
808 832 31
813 832 7
83 833 0
4 834 25
52 834 21
78 834 33
83 834 28
106 834 37
154 834 11
197 834 13
204 834 12
210 834 37
301 834 2
311 834 17
341 834 25
351 834 10
363 834 43
384 834 12
391 834 17
404 834 36
407 834 19
470 834 22
608 834 18
617 834 13
701 834 24
702 834 19
727 834 29
773 834 22
794 834 15
800 834 5
802 834 26
803 834 27
804 834 15
808 834 17
811 834 33
813 834 12
814 834 7
820 834 8
826 834 26
832 834 12
83 835 0
83 836 3
480 836 2
802 836 2
803 836 2
824 836 1
83 837 3
363 837 4
480 837 3
802 837 3
803 837 3
83 838 0
2 839 1
59 839 3
83 839 7
106 839 16
156 839 4
161 839 1
204 839 3
210 839 9
217 839 1
260 839 1
279 839 1
420 839 2
430 839 4
435 839 1
601 839 1
710 839 4
800 839 1
809 839 1
2 840 11
47 840 7
83 840 22
114 840 18
197 840 16
275 840 7
347 840 13
363 840 31
367 840 26
392 840 2
446 840 16
455 840 25
480 840 19
511 840 14
515 840 6
517 840 24
519 840 11
723 840 23
730 840 20
732 840 15
796 840 18
797 840 10
802 840 23
803 840 19
83 841 5
210 841 4
363 841 5
528 841 2
530 841 5
832 841 3
83 842 5
349 842 4
363 842 7
407 842 3
480 842 4
729 842 4
803 842 6
22 843 3
83 843 5
363 843 7
407 843 3
480 843 3
711 843 5
723 843 1
803 843 5
4 844 5
83 844 6
317 844 2
363 844 8
730 844 6
745 844 3
803 844 7
4 845 23
83 845 26
104 845 16
114 845 22
117 845 12
197 845 19
210 845 30
234 845 16
297 845 21
318 845 9
341 845 19
349 845 16
363 845 37
367 845 23
377 845 12
390 845 4
404 845 25
407 845 15
470 845 18
480 845 22
487 845 7
492 845 13
727 845 23
730 845 20
776 845 8
802 845 24
803 845 21
822 845 11
83 846 2
210 846 1
533 846 0
2 847 2
83 847 5
363 847 6
404 847 6
470 847 4
811 847 5
2 848 20
4 848 36
28 848 4
44 848 5
47 848 17
49 848 1
59 848 16
72 848 18
78 848 32
83 848 38
106 848 64
114 848 33
117 848 17
121 848 7
134 848 9
141 848 14
154 848 14
159 848 10
179 848 13
187 848 6
197 848 32
207 848 13
214 848 8
234 848 22
249 848 36
257 848 8
269 848 20
287 848 2
291 848 27
297 848 19
311 848 26
314 848 22
322 848 6
329 848 6
339 848 4
347 848 21
363 848 84
367 848 41
376 848 32
377 848 14
378 848 7
386 848 18
400 848 8
404 848 36
413 848 4
435 848 11
446 848 28
453 848 17
455 848 52
462 848 8
465 848 2
467 848 4
468 848 9
470 848 33
479 848 7
480 848 52
490 848 7
492 848 24
512 848 27
514 848 37
517 848 53
519 848 22
608 848 23
617 848 24
652 848 4
715 848 6
718 848 30
723 848 73
727 848 35
730 848 54
732 848 16
745 848 12
765 848 0
776 848 20
790 848 14
802 848 48
803 848 56
811 848 40
812 848 9
823 848 18
840 848 23
22 849 5
83 849 9
106 849 10
341 849 9
363 849 14
404 849 10
688 849 6
723 849 4
730 849 12
743 849 8
773 849 9
834 849 6
848 849 7
4 850 16
78 850 19
83 850 23
114 850 18
117 850 11
140 850 9
143 850 5
159 850 8
210 850 20
242 850 7
249 850 17
363 850 30
367 850 21
446 850 11
701 850 10
711 850 12
723 850 15
727 850 20
745 850 7
796 850 17
802 850 24
811 850 19
840 850 13
845 850 14
2 851 9
13 851 13
15 851 5
52 851 14
59 851 10
83 851 24
106 851 42
114 851 16
208 851 10
210 851 29
220 851 7
249 851 20
291 851 18
297 851 10
311 851 14
363 851 48
365 851 17
367 851 17
386 851 6
391 851 12
404 851 32
407 851 27
422 851 3
446 851 10
455 851 29
461 851 5
481 851 11
517 851 29
519 851 10
538 851 2
608 851 15
701 851 25
704 851 7
707 851 17
710 851 12
711 851 20
733 851 6
749 851 0
773 851 23
790 851 12
792 851 4
794 851 11
802 851 29
811 851 29
828 851 3
834 851 16
845 851 12
83 852 0
83 853 4
159 853 0
723 853 4
727 853 4
796 853 6
840 853 4
83 854 0
83 855 0
83 856 0
83 857 0
22 858 3
78 858 5
83 858 6
363 858 6
402 858 2
826 858 4
77 859 0
78 859 12
83 859 20
104 859 8
204 859 6
341 859 9
363 859 21
404 859 16
452 859 1
519 859 5
801 859 5
806 859 8
808 859 5
810 859 5
811 859 19
814 859 4
826 859 9
829 859 1
847 859 4
851 859 7
83 860 1
363 860 1
83 861 1
83 862 3
106 862 5
397 862 1
808 862 4
4 863 12
70 863 5
83 863 12
85 863 1
91 863 18
94 863 4
106 863 28
161 863 1
188 863 3
210 863 15
217 863 2
224 863 1
234 863 8
240 863 2
249 863 16
250 863 0
302 863 4
311 863 9
347 863 5
349 863 9
363 863 28
386 863 4
388 863 4
389 863 0
404 863 18
458 863 1
477 863 1
517 863 14
608 863 8
701 863 12
811 863 15
862 863 2
83 864 3
850 864 3
83 865 0
4 866 34
72 866 17
78 866 28
83 866 25
106 866 50
124 866 20
153 866 2
165 866 17
195 866 24
204 866 13
210 866 44
222 866 6
234 866 19
249 866 33
269 866 14
276 866 11
297 866 22
311 866 23
314 866 15
317 866 9
331 866 12
349 866 18
351 866 15
352 866 10
363 866 59
367 866 23
384 866 26
391 866 16
392 866 11
404 866 39
430 866 13
448 866 10
470 866 29
480 866 36
492 866 29
495 866 14
496 866 6
517 866 33
530 866 25
543 866 8
617 866 25
701 866 30
710 866 10
723 866 25
727 866 37
729 866 16
732 866 7
743 866 19
794 866 13
798 866 4
802 866 38
803 866 39
811 866 38
816 866 8
824 866 3
834 866 21
83 867 1
538 867 0
608 867 1
702 867 0
727 867 1
859 867 1
4 868 19
45 868 36
61 868 8
83 868 10
91 868 22
94 868 8
146 868 5
174 868 4
187 868 3
195 868 13
210 868 15
224 868 1
234 868 8
245 868 3
249 868 16
269 868 10
275 868 4
276 868 10
289 868 2
305 868 4
333 868 2
337 868 5
341 868 26
347 868 7
355 868 3
363 868 29
365 868 8
404 868 22
406 868 5
434 868 1
468 868 5
469 868 4
472 868 1
481 868 8
495 868 13
496 868 6
511 868 12
517 868 24
745 868 4
803 868 23
83 869 0
83 870 0
83 871 0
83 872 3
727 872 3
796 872 4
853 872 3
18 873 6
78 873 6
83 873 11
363 873 11
455 873 10
723 873 6
797 873 5
802 873 7
806 873 6
824 873 1
840 873 8
83 874 2
538 874 1
701 874 3
702 874 2
707 874 2
823 874 1
4 875 30
28 875 1
52 875 24
55 875 7
60 875 7
70 875 9
83 875 34
91 875 30
100 875 4
104 875 27
106 875 52
114 875 20
124 875 20
165 875 16
210 875 52
214 875 6
234 875 21
249 875 31
260 875 16
267 875 18
297 875 30
305 875 14
312 875 22
317 875 10
318 875 16
328 875 8
338 875 10
341 875 30
347 875 12
351 875 16
363 875 64
384 875 30
392 875 18
404 875 44
407 875 21
430 875 22
470 875 31
480 875 38
492 875 24
531 875 6
538 875 7
556 875 9
701 875 24
702 875 21
707 875 17
722 875 16
727 875 40
729 875 17
802 875 43
806 875 35
808 875 20
811 875 41
832 875 24
839 875 6
841 875 4
845 875 21
863 875 14
866 875 29
874 875 5
83 876 0
83 877 1
363 877 1
83 878 0
4 879 8
78 879 7
83 879 5
104 879 5
106 879 10
312 879 5
363 879 12
407 879 5
452 879 2
711 879 7
723 879 2
803 879 8
83 880 0
2 881 22
4 881 42
37 881 25
41 881 5
45 881 41
47 881 20
83 881 32
91 881 35
106 881 50
114 881 26
156 881 30
165 881 21
183 881 6
195 881 24
197 881 24
208 881 13
210 881 50
214 881 8
249 881 32
257 881 8
311 881 31
314 881 24
336 881 5
341 881 39
348 881 4
349 881 24
357 881 6
363 881 70
367 881 40
385 881 4
386 881 20
407 881 27
446 881 29
452 881 14
455 881 52
461 881 14
470 881 31
481 881 21
487 881 13
495 881 16
511 881 27
514 881 31
517 881 47
519 881 20
528 881 13
530 881 21
534 881 10
608 881 26
655 881 1
688 881 30
701 881 21
718 881 27
723 881 34
727 881 33
730 881 46
732 881 19
762 881 2
776 881 22
788 881 6
797 881 13
803 881 44
810 881 13
816 881 10
822 881 18
826 881 24
842 881 5
848 881 37
2 882 21
4 882 44
26 882 0
34 882 7
37 882 22
38 882 0
41 882 6
47 882 19
52 882 18
58 882 6
72 882 21
83 882 39
91 882 33
94 882 14
104 882 38
106 882 61
114 882 33
126 882 5
140 882 13
154 882 17
156 882 24
195 882 24
197 882 31
210 882 50
222 882 9
225 882 8
228 882 10
249 882 41
269 882 21
291 882 29
314 882 27
332 882 7
347 882 19
349 882 24
351 882 11
363 882 83
365 882 23
376 882 19
377 882 10
383 882 4
404 882 53
407 882 34
446 882 28
455 882 51
466 882 9
470 882 33
480 882 47
487 882 10
511 882 25
512 882 25
514 882 31
515 882 9
517 882 46
528 882 16
530 882 27
531 882 12
608 882 24
652 882 5
688 882 35
705 882 6
718 882 29
727 882 43
730 882 51
740 882 1
760 882 5
768 882 4
773 882 32
788 882 7
790 882 17
795 882 3
796 882 23
798 882 2
802 882 43
803 882 50
806 882 45
811 882 48
822 882 24
823 882 17
840 882 20
845 882 24
848 882 41
850 882 17
851 882 25
859 882 8
868 882 16
872 882 3
881 882 38
83 883 4
106 883 4
159 883 2
210 883 6
280 883 1
363 883 7
407 883 4
706 883 1
4 884 10
34 884 5
52 884 7
59 884 4
83 884 12
140 884 4
185 884 0
204 884 4
267 884 3
311 884 6
363 884 22
450 884 0
466 884 1
470 884 12
528 884 10
530 884 12
556 884 6
621 884 1
640 884 2
806 884 16
812 884 4
813 884 8
881 884 10
47 885 3
83 885 5
210 885 4
363 885 9
386 885 2
470 885 7
538 885 0
601 885 0
707 885 2
811 885 5
848 885 7
22 886 17
34 886 4
47 886 12
52 886 20
61 886 17
78 886 28
83 886 39
91 886 25
106 886 33
117 886 10
143 886 6
156 886 21
210 886 36
257 886 6
271 886 9
363 886 45
367 886 25
404 886 28
442 886 2
455 886 35
470 886 29
480 886 27
492 886 21
534 886 6
711 886 19
723 886 25
727 886 29
730 886 22
732 886 11
745 886 6
794 886 12
796 886 21
802 886 30
803 886 30
806 886 22
810 886 16
812 886 10
813 886 23
822 886 15
834 886 14
844 886 5
848 886 27
850 886 17
864 886 3
875 886 16
881 886 24
884 886 10
13 887 5
59 887 6
78 887 11
83 887 14
140 887 3
154 887 3
156 887 7
210 887 12
314 887 5
363 887 23
420 887 1
468 887 1
470 887 14
492 887 13
538 887 1
552 887 0
553 887 1
710 887 7
727 887 10
794 887 8
823 887 8
848 887 13
849 887 4
859 887 3
875 887 7
883 887 3
4 888 19
16 888 0
18 888 9
22 888 10
83 888 20
121 888 7
159 888 5
175 888 3
197 888 15
210 888 27
214 888 5
242 888 6
311 888 16
367 888 23
446 888 15
448 888 5
455 888 27
480 888 21
481 888 15
515 888 7
517 888 25
711 888 13
718 888 13
723 888 22
727 888 18
730 888 30
732 888 11
743 888 13
745 888 7
747 888 1
816 888 7
822 888 10
826 888 12
840 888 14
845 888 13
848 888 25
851 888 11
881 888 22
882 888 19
52 889 8
83 889 6
106 889 10
210 889 13
312 889 6
331 889 5
351 889 4
430 889 4
466 889 4
773 889 5
813 889 4
875 889 7
4 890 33
37 890 22
42 890 8
52 890 24
60 890 10
70 890 8
72 890 15
78 890 32
83 890 34
91 890 29
104 890 31
106 890 56
114 890 23
154 890 14
155 890 2
156 890 27
159 890 12
210 890 45
242 890 11
249 890 29
267 890 18
280 890 5
312 890 19
341 890 37
363 890 65
390 890 5
402 890 8
403 890 9
404 890 43
430 890 24
435 890 16
480 890 33
487 890 7
512 890 15
514 890 24
517 890 34
518 890 6
528 890 16
530 890 32
614 890 1
688 890 26
701 890 23
702 890 24
722 890 17
723 890 20
727 890 32
730 890 33
776 890 22
790 890 12
796 890 23
802 890 36
803 890 39
804 890 18
806 890 35
808 890 29
811 890 47
826 890 21
832 890 20
834 890 22
859 890 11
862 890 4
875 890 32
884 890 9
886 890 21
83 891 18
104 891 13
106 891 27
210 891 28
297 891 17
312 891 12
341 891 18
363 891 31
365 891 6
376 891 11
384 891 13
386 891 12
404 891 21
407 891 14
480 891 18
514 891 8
517 891 23
647 891 2
707 891 14
718 891 11
723 891 11
773 891 14
803 891 21
806 891 20
808 891 9
811 891 25
826 891 12
832 891 8
839 891 4
866 891 14
875 891 22
881 891 14
884 891 4
83 892 0
83 893 2
104 893 0
83 894 0
83 895 0
83 896 0
702 896 0
83 897 2
363 897 4
384 897 3
480 897 3
803 897 4
83 898 0
83 899 0
83 900 0
78 901 8
83 901 8
106 901 7
117 901 4
363 901 12
376 901 5
455 901 11
514 901 5
517 901 10
802 901 9
840 901 6
890 901 7
4 902 6
13 902 4
83 902 7
275 902 2
363 902 13
365 902 3
511 902 6
514 902 7
517 902 9
608 902 3
732 902 6
797 902 4
845 902 5
2 903 10
4 903 17
13 903 6
34 903 6
47 903 7
59 903 10
61 903 10
83 903 12
94 903 5
106 903 33
177 903 0
195 903 10
204 903 5
210 903 17
293 903 1
306 903 3
314 903 11
326 903 1
332 903 5
357 903 3
363 903 36
367 903 11
383 903 2
404 903 21
412 903 4
442 903 1
446 903 6
453 903 4
470 903 15
495 903 9
496 903 4
512 903 10
517 903 23
553 903 2
645 903 1
727 903 13
776 903 10
790 903 7
794 903 7
805 903 3
811 903 16
881 903 18
882 903 23
83 904 0
11 905 1
28 905 2
78 905 12
83 905 11
114 905 11
117 905 9
155 905 0
210 905 12
225 905 2
297 905 9
363 905 18
365 905 8
367 905 10
470 905 8
480 905 9
713 905 2
727 905 13
797 905 7
802 905 14
901 905 5
37 906 23
59 906 15
78 906 34
83 906 32
91 906 39
94 906 10
106 906 68
114 906 31
140 906 9
141 906 10
142 906 18
156 906 21
159 906 13
165 906 14
179 906 7
188 906 8
197 906 26
199 906 1
203 906 3
204 906 17
210 906 44
217 906 3
228 906 10
234 906 18
249 906 35
260 906 9
266 906 3
269 906 19
275 906 11
276 906 14
297 906 23
302 906 10
305 906 12
311 906 25
314 906 19
317 906 15
322 906 7
328 906 2
331 906 10
337 906 7
347 906 17
349 906 25
363 906 83
365 906 19
366 906 2
367 906 34
386 906 15
404 906 45
406 906 10
430 906 14
431 906 1
435 906 11
453 906 13
480 906 52
481 906 16
487 906 7
490 906 6
495 906 12
511 906 22
517 906 46
519 906 20
528 906 17
530 906 25
608 906 20
617 906 25
707 906 19
710 906 13
729 906 16
730 906 43
794 906 13
802 906 51
803 906 60
811 906 42
826 906 36
834 906 17
845 906 21
848 906 38
859 906 9
875 906 29
888 906 14
890 906 32
891 906 16
83 907 7
106 907 8
363 907 8
391 907 5
404 907 8
517 907 6
730 907 8
811 907 8
861 907 1
890 907 8
4 908 37
11 908 5
58 908 5
73 908 9
78 908 36
83 908 30
91 908 35
94 908 11
104 908 35
106 908 56
114 908 30
140 908 10
142 908 17
156 908 26
159 908 12
165 908 17
195 908 22
197 908 27
204 908 19
210 908 46
214 908 10
242 908 15
249 908 32
291 908 23
311 908 24
312 908 13
322 908 6
331 908 13
341 908 39
351 908 11
363 908 66
367 908 32
390 908 6
404 908 40
406 908 13
420 908 11
430 908 16
446 908 18
455 908 36
461 908 13
480 908 32
482 908 7
492 908 22
511 908 29
514 908 26
515 908 7
517 908 36
525 908 10
530 908 30
531 908 11
533 908 7
608 908 23
688 908 33
710 908 13
730 908 46
732 908 14
773 908 29
796 908 20
802 908 32
803 908 36
806 908 35
808 908 19
811 908 41
814 908 8
823 908 17
839 908 8
844 908 5
849 908 9
850 908 16
881 908 29
887 908 11
890 908 31
906 908 35
83 909 5
341 909 4
363 909 4
407 909 3
470 909 4
808 909 2
83 910 5
249 910 3
718 910 3
723 910 3
730 910 6
823 910 4
828 910 1
832 910 3
848 910 6
83 911 0
83 912 1
363 912 1
4 913 11
72 913 3
78 913 14
83 913 13
275 913 3
347 913 7
363 913 19
367 913 10
407 913 10
453 913 5
455 913 13
480 913 10
487 913 6
608 913 10
730 913 13
743 913 9
810 913 4
826 913 15
834 913 7
848 913 13
858 913 4
881 913 12
889 913 1
83 914 0
83 915 10
114 915 6
187 915 4
207 915 3
214 915 5
331 915 3
363 915 12
367 915 9
470 915 6
798 915 6
802 915 8
803 915 5
83 916 0
83 917 4
106 917 11
165 917 2
217 917 1
314 917 3
480 917 6
610 917 1
707 917 3
796 917 4
886 917 4
83 918 7
106 918 5
214 918 0
341 918 4
367 918 5
773 918 4
803 918 5
822 918 1
851 918 4
887 918 1
906 918 4
72 919 8
83 919 14
106 919 18
249 919 20
291 919 13
311 919 13
314 919 15
317 919 1
318 919 5
363 919 27
365 919 10
455 919 22
480 919 19
481 919 13
517 919 18
617 919 12
723 919 16
727 919 19
730 919 20
743 919 13
788 919 5
803 919 20
822 919 7
823 919 11
848 919 21
850 919 6
882 919 20
888 919 14
905 919 5
34 920 4
55 920 3
78 920 22
83 920 24
91 920 25
104 920 25
106 920 38
114 920 17
126 920 3
139 920 1
184 920 3
197 920 20
201 920 4
210 920 33
216 920 2
222 920 6
228 920 6
233 920 0
249 920 26
266 920 3
302 920 10
305 920 10
311 920 17
328 920 3
349 920 19
363 920 50
367 920 19
400 920 4
404 920 28
407 920 15
409 920 12
446 920 15
481 920 11
492 920 17
494 920 3
512 920 17
517 920 28
531 920 6
532 920 1
556 920 6
718 920 14
743 920 13
802 920 28
803 920 25
804 920 11
806 920 24
811 920 24
828 920 4
845 920 18
850 920 13
863 920 12
866 920 18
882 920 27
902 920 5
917 920 2
83 921 0
52 922 10
60 922 3
83 922 9
104 922 15
106 922 20
210 922 18
269 922 6
271 922 6
331 922 9
341 922 16
363 922 19
404 922 14
420 922 5
528 922 11
530 922 18
556 922 6
608 922 11
718 922 5
727 922 12
773 922 13
889 922 6
906 922 12
83 923 0
83 924 5
210 924 5
363 924 6
394 924 1
727 924 4
802 924 7
882 924 6
83 925 0
83 926 1
839 926 1
18 927 9
22 927 12
43 927 5
78 927 27
83 927 46
104 927 23
106 927 47
140 927 7
142 927 17
159 927 10
197 927 21
207 927 19
279 927 10
291 927 18
312 927 14
317 927 10
331 927 16
341 927 26
363 927 64
365 927 14
367 927 27
384 927 15
385 927 3
407 927 18
452 927 5
466 927 10
470 927 30
480 927 31
511 927 24
515 927 8
530 927 24
534 927 1
701 927 23
711 927 17
718 927 17
729 927 16
745 927 5
776 927 18
796 927 20
802 927 36
803 927 35
804 927 11
806 927 25
808 927 15
810 927 9
811 927 46
814 927 5
816 927 5
820 927 9
822 927 9
826 927 10
832 927 12
844 927 5
845 927 19
846 927 1
848 927 21
850 927 15
851 927 14
863 927 7
866 927 20
875 927 25
882 927 29
890 927 26
906 927 28
922 927 10
924 927 4
26 928 2
72 928 2
83 928 2
106 928 7
114 928 7
311 928 7
363 928 9
412 928 3
517 928 6
617 928 7
643 928 6
650 928 2
4 929 9
52 929 7
63 929 2
83 929 11
106 929 24
156 929 8
208 929 4
226 929 1
230 929 3
305 929 1
311 929 8
341 929 16
354 929 2
425 929 2
453 929 1
530 929 12
538 929 2
608 929 4
663 929 0
701 929 12
702 929 8
706 929 2
707 929 7
708 929 2
722 929 4
727 929 14
792 929 2
800 929 1
804 929 10
813 929 3
823 929 4
890 929 14
907 929 3
927 929 7
78 930 8
83 930 13
197 930 6
214 930 3
367 930 13
455 930 9
732 930 8
796 930 11
802 930 13
840 930 10
850 930 11
864 930 3
886 930 10
902 930 3
927 930 7
83 931 4
91 931 5
106 931 5
210 931 6
363 931 6
802 931 5
803 931 5
47 932 2
83 932 6
159 932 3
279 932 3
363 932 9
404 932 5
480 932 5
530 932 9
773 932 5
808 932 4
866 932 5
929 932 2
78 933 12
83 933 13
168 933 1
249 933 10
275 933 3
363 933 17
365 933 7
391 933 8
404 933 14
802 933 12
803 933 13
810 933 8
811 933 15
826 933 9
834 933 10
866 933 11
875 933 8
884 933 2
83 934 2
384 934 1
803 934 2
863 934 1
83 935 8
106 935 9
363 935 11
365 935 5
517 935 9
711 935 7
723 935 4
802 935 9
803 935 8
811 935 10
848 935 8
851 935 8
917 935 2
83 936 6
210 936 8
297 936 3
341 936 6
363 936 8
404 936 7
773 936 5
804 936 6
822 936 5
83 937 1
363 937 1
83 938 0
83 939 3
207 939 2
331 939 2
363 939 5
920 939 2
927 939 4
2 940 10
4 940 23
37 940 15
47 940 9
52 940 13
59 940 13
83 940 16
91 940 31
94 940 7
106 940 57
146 940 6
150 940 2
152 940 0
156 940 20
195 940 14
197 940 19
209 940 5
210 940 30
217 940 2
228 940 5
255 940 4
256 940 0
284 940 2
288 940 1
298 940 4
302 940 5
305 940 9
311 940 16
314 940 13
322 940 4
328 940 2
352 940 6
363 940 56
367 940 21
376 940 16
383 940 2
386 940 12
389 940 0
392 940 9
395 940 1
404 940 30
406 940 5
446 940 13
453 940 11
455 940 29
470 940 22
478 940 10
489 940 6
493 940 2
511 940 16
512 940 19
514 940 31
517 940 31
518 940 5
519 940 15
538 940 3
702 940 10
710 940 9
743 940 14
773 940 20
808 940 19
810 940 16
811 940 27
848 940 28
875 940 18
881 940 26
886 940 17
32 941 3
83 941 16
106 941 24
114 941 14
141 941 8
142 941 10
179 941 6
210 941 17
214 941 4
297 941 10
305 941 9
318 941 6
367 941 17
376 941 17
425 941 1
446 941 12
455 941 20
466 941 3
514 941 16
517 941 24
518 941 4
519 941 11
711 941 17
723 941 20
730 941 22
798 941 5
810 941 5
848 941 23
886 941 13
888 941 13
915 941 6
919 941 9
940 941 16
83 942 4
106 942 6
363 942 7
480 942 6
517 942 6
802 942 6
803 942 6
906 942 7
83 943 20
91 943 17
104 943 11
207 943 7
210 943 20
271 943 8
311 943 9
363 943 26
365 943 9
367 943 17
376 943 11
400 943 4
420 943 4
455 943 21
492 943 11
517 943 22
711 943 13
723 943 23
790 943 10
796 943 15
802 943 21
803 943 19
811 943 17
840 943 12
848 943 20
850 943 12
881 943 13
886 943 19
890 943 13
941 943 11
83 944 9
104 944 6
106 944 9
363 944 12
480 944 9
723 944 4
802 944 8
806 944 9
812 944 9
813 944 9
822 944 5
848 944 9
882 944 9
886 944 11
83 945 0
4 946 3
83 946 4
363 946 5
455 946 4
863 946 3
83 947 1
882 947 1
15 948 6
22 948 16
52 948 19
83 948 23
94 948 12
106 948 35
153 948 2
195 948 16
210 948 33
248 948 6
276 948 17
297 948 13
306 948 7
312 948 12
341 948 24
349 948 13
363 948 45
391 948 10
404 948 34
407 948 21
455 948 26
495 948 11
517 948 25
538 948 6
701 948 20
707 948 17
710 948 12
712 948 5
713 948 8
720 948 8
723 948 11
727 948 25
733 948 5
792 948 4
793 948 5
794 948 14
801 948 12
802 948 23
806 948 21
811 948 33
834 948 15
851 948 25
859 948 9
868 948 11
875 948 20
882 948 20
891 948 15
927 948 14
940 948 14
22 949 2
83 949 4
802 949 2
812 949 1
826 949 1
83 950 1
363 950 1
83 951 16
117 951 5
204 951 5
260 951 5
297 951 7
363 951 20
367 951 15
446 951 6
732 951 6
796 951 10
802 951 17
811 951 9
840 951 10
845 951 10
850 951 11
875 951 10
881 951 6
890 951 7
893 951 1
906 951 12
930 951 7
933 951 5
4 952 32
13 952 10
15 952 7
22 952 17
78 952 35
83 952 37
91 952 33
114 952 35
165 952 17
179 952 11
188 952 6
197 952 28
204 952 10
207 952 13
210 952 43
214 952 12
242 952 9
249 952 33
257 952 8
266 952 4
275 952 11
279 952 2
288 952 1
291 952 23
297 952 23
305 952 14
317 952 11
347 952 17
349 952 26
363 952 70
365 952 17
367 952 43
376 952 18
377 952 11
386 952 13
406 952 12
409 952 7
446 952 20
455 952 43
469 952 4
487 952 10
514 952 32
515 952 9
517 952 44
519 952 20
585 952 0
608 952 17
617 952 22
711 952 26
723 952 41
727 952 38
730 952 42
732 952 22
743 952 19
796 952 22
798 952 6
802 952 48
806 952 29
811 952 33
813 952 12
840 952 24
845 952 21
848 952 39
850 952 23
866 952 23
873 952 9
875 952 21
881 952 31
886 952 25
888 952 24
893 952 1
902 952 13
905 952 10
906 952 37
908 952 31
915 952 10
920 952 24
930 952 13
941 952 23
943 952 21
83 953 0
83 954 1
802 954 1
83 955 1
806 955 1
83 956 0
73 957 4
83 957 32
91 957 23
121 957 3
140 957 6
156 957 14
188 957 4
197 957 19
204 957 10
210 957 26
214 957 8
260 957 8
271 957 7
275 957 8
337 957 7
347 957 13
363 957 49
367 957 27
371 957 1
377 957 9
392 957 6
394 957 2
446 957 13
455 957 30
470 957 21
480 957 31
490 957 5
492 957 16
512 957 15
517 957 27
533 957 2
707 957 10
723 957 33
727 957 23
729 957 9
732 957 14
796 957 17
797 957 10
803 957 35
806 957 28
813 957 13
815 957 1
823 957 10
840 957 22
845 957 16
848 957 28
853 957 5
873 957 8
881 957 21
884 957 8
889 957 3
901 957 5
906 957 26
915 957 7
919 957 10
920 957 14
927 957 15
946 957 3
951 957 12
952 957 29
15 958 5
106 958 18
107 958 2
114 958 9
170 958 2
249 958 11
363 958 20
376 958 12
407 958 6
446 958 14
455 958 17
462 958 7
514 958 10
517 958 16
688 958 11
718 958 8
723 958 8
730 958 16
773 958 9
802 958 9
803 958 12
848 958 15
107 959 0
106 960 1
107 960 1
104 961 1
106 961 3
107 961 1
940 961 1
106 962 3
107 962 1
376 962 2
517 962 2
45 963 18
57 963 2
77 963 0
81 963 1
91 963 22
104 963 16
106 963 33
107 963 1
117 963 5
197 963 17
213 963 8
228 963 8
341 963 21
363 963 38
376 963 18
446 963 19
455 963 22
461 963 11
489 963 6
492 963 14
511 963 20
514 963 17
517 963 29
528 963 8
530 963 13
631 963 3
688 963 13
718 963 12
723 963 16
741 963 2
743 963 12
776 963 15
797 963 8
802 963 16
803 963 21
848 963 22
863 963 5
866 963 10
885 963 2
887 963 3
890 963 16
906 963 15
927 963 17
940 963 15
941 963 9
957 963 13
107 964 0
107 965 0
117 965 0
903 965 0
107 966 0
2 967 11
4 967 37
13 967 14
32 967 5
34 967 8
35 967 6
39 967 2
42 967 9
55 967 8
63 967 10
72 967 21
76 967 4
85 967 2
104 967 39
106 967 105
107 967 5
119 967 2
124 967 21
150 967 4
156 967 25
165 967 21
179 967 9
180 967 8
181 967 4
187 967 5
188 967 6
193 967 6
195 967 22
204 967 16
207 967 17
210 967 53
220 967 9
221 967 1
225 967 12
228 967 11
230 967 8
234 967 19
249 967 43
255 967 9
267 967 17
269 967 20
272 967 7
275 967 7
279 967 8
284 967 8
288 967 1
297 967 25
311 967 27
312 967 26
315 967 6
338 967 13
341 967 44
347 967 14
351 967 16
352 967 11
363 967 89
384 967 48
392 967 15
402 967 7
404 967 52
409 967 10
411 967 1
415 967 7
423 967 6
429 967 7
430 967 21
435 967 15
449 967 1
453 967 9
466 967 10
467 967 2
468 967 9
470 967 32
473 967 2
478 967 8
480 967 61
492 967 26
517 967 46
519 967 11
525 967 8
528 967 21
530 967 32
543 967 7
608 967 23
617 967 22
688 967 33
701 967 30
702 967 19
720 967 5
722 967 16
727 967 42
729 967 20
773 967 29
776 967 19
802 967 37
803 967 54
806 967 45
808 967 35
814 967 9
862 967 3
866 967 35
875 967 37
879 967 6
882 967 31
890 967 34
891 967 18
906 967 35
917 967 3
922 967 14
927 967 26
958 967 9
107 968 0
106 969 4
107 969 2
376 969 2
517 969 3
967 969 3
107 970 2
107 971 0
107 972 0
107 973 0
107 974 0
106 975 2
107 975 1
517 975 1
107 976 0
107 977 0
107 978 0
134 978 0
107 979 1
970 979 1
107 980 0
107 981 0
107 982 0
107 983 0
271 983 4
363 983 5
480 983 4
723 983 3
732 983 2
802 983 3
803 983 3
107 984 0
107 985 0
106 986 3
107 986 1
515 986 1
517 986 4
688 986 2
718 986 1
107 987 0
773 987 0
107 988 0
107 989 1
970 989 1
107 990 0
156 990 7
291 990 3
314 990 5
363 990 9
514 990 5
688 990 6
718 990 4
730 990 8
805 990 2
882 990 9
903 990 4
107 991 0
107 992 0
4 993 4
107 993 0
249 993 4
311 993 4
617 993 4
806 993 4
107 994 0
117 994 0
107 995 0
514 995 0
107 996 0
58 997 0
4 998 5
58 998 1
363 998 6
404 998 5
512 998 2
806 998 7
811 998 4
967 998 4
4 999 5
58 999 2
225 999 3
531 999 2
701 999 2
806 999 5
834 999 2
882 999 5
887 999 0
889 999 0
58 1000 0
363 1000 0
